825 354 49
395 648 417
171 878 526
206 990 254
961 557 239
523 716 516
504 194 771
529 738 52
59 914 797
445 139 144
436 963 497
485 357 144
902 528 22
427 733 12
680 693 568
918 216 284
433 719 478
204 248 215
255 306 128
52 750 266
195 186 229
692 670 586
836 571 113
857 997 846
868 677 539
436 594 754
720 26 473
197 230 720
412 484 26
539 536 776
805 731 961
34 422 631
619 257 202
731 114 198
577 982 874
115 417 468
869 137 494
341 333 723
61 744 207
86 283 742
861 88 472
822 121 893
453 739 150
654 470 263
852 47 244
726 161 661
193 30 797
686 370 130
408 430 873
614 516 156
355 377 243
827 198 364
719 651 103
869 304 573
131 155 619
375 880 780
35 72 809
832 758 178
961 165 608
834 779 124
989 134 500
232 960 698
596 679 348
698 547 651
270 678 805
889 52 685
668 87 756
476 918 513
653 879 678
261 712 456
384 701 589
883 933 549
581 528 227
928 226 774
579 496 451
384 384 502
68 51 589
824 526 506
337 179 384
14 440 96
470 823 797
59 706 729
607 287 257
833 214 483
606 793 978
56 176 361
558 244 412
146 68 938
652 404 116
36 417 556
131 887 378
927 945 84
656 551 370
912 384 584
394 989 376
372 45 552
733 603 796
144 748 863
82 400 266
198 435 683
753 566 570
130 492 514
214 148 64
584 59 447
167 453 436
543 824 480
95 556 83
891 700 831
753 781 230
19 978 664
702 730 229
271 860 721
784 74 868
848 657 927
295 824 380
730 366 203
210 461 759
292 351 459
123 103 240
352 122 217
16 823 947
245 94 807
966 878 881
834 725 537
760 20 360
139 749 726
342 959 186
100 251 536
559 373 639
798 725 761
15 740 584
962 985 677
768 950 554
648 783 279
185 543 298
545 681 46
270 22 5
456 122 256
992 681 628
631 478 353
391 493 92
974 454 77
650 222 26
204 870 809
482 54 351
779 599 32
825 868 54
830 324 176
85 315 856
713 945 334
65 336 826
157 309 280
233 959 501
259 163 370
68 644 424
418 423 22
450 248 890
503 77 213
679 161 527
534 873 472
868 937 807
693 94 116
972 326 75
473 585 237
842 652 880
265 70 303
286 519 550
175 22 626
388 700 787
915 233 659
386 101 596
193 793 689
309 765 15
383 237 599
619 79 251
499 343 320
802 629 839
351 804 860
976 192 559
762 106 792
421 491 892
17 684 685
705 992 450
720 375 687
319 994 765
569 493 108
888 294 737
726 644 540
586 620 732
144 381 837
936 802 328
827 818 11
512 523 3
961 242 377
648 561 371
412 129 863
519 17 156
256 743 799
796 328 419
527 472 800
363 407 601
690 234 418
700 746 941
703 706 183
80 353 743
450 765 872
312 284 888
468 539 631
267 334 959
685 860 430
484 223 836
85 912 70
503 612 815
443 315 521
625 394 874
368 843 638
239 155 922
127 623 461
758 889 794
716 574 654
145 57 876
981 141 788
50 643 400
865 86 714
385 711 107
259 78 950
897 317 105
818 443 727
278 200 615
72 916 188
726 60 245
602 40 386
389 90 29
789 955 114
502 340 824
608 598 901
558 495 217
662 313 660
388 590 860
2 662 775
190 387 835
435 989 875
820 378 965
848 166 919
961 667 258
785 275 856
685 832 350
902 493 662
562 880 252
422 882 914
197 71 301
31 505 289
906 325 666
870 172 832
788 133 498
46 917 772
902 602 603
252 503 95
914 65 975
166 487 856
79 683 927
379 714 432
668 619 756
334 488 927
165 276 60
662 322 976
434 223 577
36 475 80
131 388 145
106 553 631
961 632 313
887 11 27
319 678 645
74 11 133
1 175 408
60 837 729
36 270 952
613 306 426
693 437 814
837 542 366
467 503 998
780 390 8
806 708 685
451 781 696
583 782 870
990 842 707
719 877 976
670 489 282
96 181 718
909 18 260
275 485 763
272 264 152
279 70 859
964 520 640
659 102 422
529 92 263
235 810 139
211 480 628
493 575 809
210 484 826