825 354 49
395 648 417
171 878 526
206 990 254
961 557 239
523 716 516
504 194 771
529 738 52
59 914 797
445 139 144
436 963 497
485 357 144
902 528 22
427 733 12
680 693 568
918 216 284
433 719 478
204 248 215
255 306 128
52 750 266
195 186 229
692 670 586
836 571 113
857 997 846
868 677 539
436 594 754
720 26 473
197 230 720
412 484 26
539 536 776
805 731 961
34 422 631
619 257 202
731 114 198
577 982 874
115 417 468
869 137 494
341 333 723
61 744 207
86 283 742
861 88 472
822 121 893
453 739 150
654 470 263
852 47 244
726 161 661
193 30 797
686 370 130
408 430 873
614 516 156
355 377 243
827 198 364
719 651 103
869 304 573
131 155 619
375 880 780
35 72 809
832 758 178
961 165 608
834 779 124
989 134 500
232 960 698
596 679 348
698 547 651
270 678 805
889 52 685
668 87 756
476 918 513
653 879 678
261 712 456
384 701 589
883 933 549
581 528 227
928 226 774
579 496 451
384 384 502
68 51 589
824 526 506
337 179 384
14 440 96
470 823 797
59 706 729
607 287 257
833 214 483
606 793 978
56 176 361
558 244 412
146 68 938
652 404 116
36 417 556
131 887 378
927 945 84
656 551 370
912 384 584
394 989 376
372 45 552
733 603 796
144 748 863
82 400 266
198 435 683
753 566 570
130 492 514
214 148 64
584 59 447
167 453 436
543 824 480
95 556 83
891 700 831
753 781 230
19 978 664
702 730 229
271 860 721
784 74 868
848 657 927
295 824 380
730 366 203
210 461 759
292 351 459
123 103 240
352 122 217
16 823 947
245 94 807
966 878 881
834 725 537
760 20 360
139 749 726
342 959 186
100 251 536
559 373 639
798 725 761
15 740 584
962 985 677
768 950 554
648 783 279
185 543 298
545 681 46
270 22 5
456 122 256
992 681 628
631 478 353
391 493 92
974 454 77
650 222 26
204 870 809
482 54 351
779 599 32
825 868 54
830 324 176
85 315 856
713 945 334
65 336 826
157 309 280
233 959 501
259 163 370
68 644 424
418 423 22
450 248 890
503 77 213
679 161 527
534 873 472
868 937 807
693 94 116
972 326 75
473 585 237
842 652 880
265 70 303
286 519 550
175 22 626
388 700 787
915 233 659
386 101 596
193 793 689
309 765 15
383 237 599
619 79 251
499 343 320
802 629 839
351 804 860
976 192 559
762 106 792
421 491 892
17 684 685
705 992 450
720 375 687
319 994 765
569 493 108
888 294 737
726 644 540
586 620 732
144 381 837
936 802 328
827 818 11
512 523 3
961 242 377
648 561 371
412 129 863
519 17 156
256 743 799
796 328 419
527 472 800
363 407 601
690 234 418
700 746 941
703 706 183
80 353 743
450 765 872
312 284 888
468 539 631
267 334 959
685 860 430
484 223 836
85 912 70
503 612 815
443 315 521
625 394 874
368 843 638
239 155 922
127 623 461
758 889 794
716 574 654
145 57 876
981 141 788
50 643 400
865 86 714
385 711 107
259 78 950
897 317 105
818 443 727
278 200 615
72 916 188
726 60 245
602 40 386
389 90 29
789 955 114
502 340 824
608 598 901
558 495 217
662 313 660
388 590 860
2 662 775
190 387 835
435 989 875
820 378 965
848 166 919
961 667 258
785 275 856
685 832 350
902 493 662
562 880 252
422 882 914
197 71 301
31 505 289
906 325 666
870 172 832
788 133 498
46 917 772
902 602 603
252 503 95
914 65 975
166 487 856
79 683 927
379 714 432
668 619 756
334 488 927
165 276 60
662 322 976
434 223 577
36 475 80
131 388 145
106 553 631
961 632 313
887 11 27
319 678 645
74 11 133
1 175 408
60 837 729
36 270 952
613 306 426
693 437 814
837 542 366
467 503 998
780 390 8
806 708 685
451 781 696
583 782 870
990 842 707
719 877 976
670 489 282
96 181 718
909 18 260
275 485 763
272 264 152
279 70 859
964 520 640
659 102 422
529 92 263
235 810 139
211 480 628
493 575 809
210 484 826
470 758 310
232 29 574
384 308 644
242 271 163
882 930 265
303 458 357
566 693 167
704 904 647
332 396 222
140 606 705
966 76 462
276 307 491
850 690 799
493 932 70
656 814 999
921 117 457
277 682 150
444 386 54
90 718 449
311 858 55
16 823 130
478 99 437
969 948 127
767 440 59
836 96 872
835 16 989
292 293 671
441 737 57
494 826 774
943 137 631
998 153 454
128 630 552
564 598 499
691 365 939
749 201 34
621 35 50
609 327 343
280 768 79
336 262 905
109 204 42
739 202 194
193 329 824
744 893 421
243 583 786
181 331 986
215 952 21
265 561 347
607 840 114
685 175 375
590 284 579
631 23 780
824 215 109
648 958 1
68 200 583
854 381 914
839 595 865
860 860 425
206 466 264
320 151 439
695 740 722
274 371 744
54 195 959
162 842 916
162 910 116
745 763 496
658 601 91
522 461 950
947 666 416
210 986 567
649 680 307
370 953 677
114 7 871
73 168 713
988 330 622
104 74 384
600 731 985
690 253 445
640 199 111
56 409 96
622 57 776
928 427 729
605 541 735
475 613 903
188 601 232
809 704 305
193 304 35
178 994 287
622 633 486
733 689 894
829 310 950
604 238 377
333 842 917
68 317 530
970 504 130
201 313 834
505 505 137
540 682 130
827 304 763
312 36 452
205 865 761
155 468 999
531 801 841
448 868 157
977 837 661
107 38 973
940 543 478
77 82 159
207 909 463
969 220 499
420 425 363
181 580 831
180 111 631
20 558 499
177 535 336
838 641 373
810 581 916
288 657 998
447 863 906
909 832 126
407 252 550
770 433 129
600 613 240
231 632 797
730 809 331
65 646 972
438 456 552
353 744 208
350 190 71
256 98 903
381 505 154
930 274 587
59 874 199
298 105 831
95 834 640
426 898 286
397 336 742
948 689 485
156 39 674
227 294 772
129 674 276
283 604 550
869 663 424
67 961 528
898 55 361
537 481 259
822 878 595
563 826 283
47 981 322
721 208 615
492 336 289
768 618 893
317 486 555
741 553 515
268 450 570
629 987 51
888 809 928
483 371 753
766 418 734
87 139 941
702 630 276
990 397 893
883 714 379
437 454 932
952 722 381
522 351 368
572 239 176
499 721 547
251 486 965
984 572 103
925 274 733
200 264 129
93 146 843
471 582 297
402 534 18
783 55 369
151 627 607
327 125 327
873 376 813
838 360 385
940 284 658
673 484 921
801 576 66
644 47 648
940 449 182
958 232 236
326 382 862
932 708 987
259 581 363
71 418 722
455 358 6
113 30 489
33 831 65
98 474 111
746 414 560
927 371 791
163 697 173
25 629 880
11 887 461
373 958 878
95 413 236
100 525 266
588 557 96
652 655 570
763 401 984
322 327 354
113 489 51
285 513 679
165 524 566
625 896 523
503 990 936
738 90 461
3 677 17
99 329 672
669 92 72
652 414 399
6 526 888
56 810 400
734 974 924
299 598 819
822 100 809
758 838 898
218 841 575
235 939 904
906 607 996
978 259 409
377 264 934
264 320 744
664 53 717
587 352 315
406 174 415
214 931 253
112 148 93
687 383 31
591 288 638
586 266 896
994 643 160
928 906 479
671 569 532
388 155 884
703 560 58
118 774 988
370 886 136
462 573 518
493 163 806
130 749 72
26 742 714
186 670 620
665 341 188
197 728 343
80 431 903
137 548 677
125 917 562
261 379 135
778 871 297
584 1 45
655 27 787
369 213 457
988 877 797
176 73 524
518 153 954
421 289 502
97 414 418
659 674 796
793 451 667
89 35 667
134 690 694
921 58 906
377 45 782
173 220 855
697 738 7
651 158 296
152 255 709
569 913 382
365 705 833
31 794 867
698 928 556
391 849 613
296 225 658
78 398 878
932 95 616
939 745 774
234 897 28
942 465 940
323 830 645
155 861 439
22 559 367
577 949 215
190 245 440
848 323 837
726 254 932
341 193 676
114 426 572
141 367 37
81 690 867
726 845 728
165 866 286
531 443 235
745 633 479
184 480 801
21 205 55
953 546 247
628 660 673
200 800 40
237 881 730
104 607 574
831 771 440
116 301 882
350 45 515
829 229 994
630 250 199
684 202 745
931 830 404
604 30 204
643 266 84
372 369 690
946 200 460
385 315 761
267 665 805
781 493 34
775 122 284
974 806 485
718 737 314
121 341 343
325 984 609
408 356 978
98 301 177
558 686 492
318 953 156
123 734 649
157 508 770
440 482 576
924 199 313
238 320 653
581 644 636
190 52 991
167 150 292
343 708 977
835 25 930
990 148 663
638 304 171
408 743 652
984 667 851
296 905 171
949 485 815
585 674 867
575 841 16
867 184 723
843 18 748
773 7 896
435 645 199
606 53 942
258 36 609
109 332 513
279 281 998
94 865 672
960 440 512
976 306 695
698 149 712
446 921 719
341 356 363
540 962 416
481 219 452
90 327 783
602 606 64
600 699 928
271 659 368
782 634 673
476 332 822
188 777 742
906 118 98
269 657 59
685 138 278
136 227 604
919 829 210
982 428 909
910 699 567
277 480 200
950 956 531
771 144 307
513 50 424
611 318 81
669 3 218
947 138 444
551 56 273
760 38 701
668 948 399
234 225 879
433 174 835
964 945 978
270 457 27
694 67 345
774 736 347
991 682 484
435 232 540
708 992 578
408 659 525
806 893 749
684 326 923
518 289 867
496 559 324
522 252 391
866 26 127
213 17 808
697 452 40
236 159 32
814 566 691
338 372 584
87 56 909
9 574 197
875 69 756
198 591 8
588 457 33
715 669 50
522 365 501
562 601 659
594 414 225
284 752 596
867 838 651
776 847 224
973 721 293
728 919 883
735 507 339
768 221 7
817 743 372
317 305 973
976 898 386
200 182 138
795 49 976
446 824 822
669 796 542
962 523 461
844 258 967
182 25 188
189 841 930
560 158 234
532 133 132
918 332 313
56 127 361
31 572 185
852 240 980
394 201 503
854 45 760
820 227 785
7 415 626
937 975 783
171 507 916
302 425 247
615 480 373
976 510 944
160 362 184
140 755 385
642 608 430
402 428 656
187 435 70
812 372 45
595 542 551
510 844 976
756 458 455
129 434 965
73 594 326
257 733 81
642 375 689
71 777 116
726 963 551
796 774 922
840 368 464
391 877 307
366 633 765
821 762 198
786 834 791
111 91 523
192 732 898
880 803 674
995 528 637
546 324 410
468 164 778
931 554 655
238 920 288
2 740 49
199 526 883
990 636 974
513 827 705
410 707 508
84 702 35
720 247 359
130 715 522
907 645 75
562 882 995
849 883 735
898 82 260
781 71 896
754 583 723
459 993 429
966 76 130
1 795 376
359 925 90
880 831 735
955 393 617
950 242 500
684 139 581
943 920 652
839 673 235
561 132 227
989 97 303
118 98 98
494 456 22
584 336 852
318 291 245
935 240 486
434 924 625
15 866 545
667 704 217
901 265 349
128 253 446
430 371 543
527 864 999
548 447 335
400 765 625
644 700 865
130 133 788
755 148 654
299 814 358
516 714 622
864 841 875
309 271 245
852 798 108
851 345 555
185 745 320
810 389 19
675 519 152
463 273 299
116 571 112
474 86 826
96 950 667
970 259 937
214 110 734
322 960 79
877 145 823
197 955 212
216 629 730
367 91 2
665 207 572
777 680 658
602 775 607
268 745 865
205 959 975
938 281 935
17 157 79
840 354 33
51 569 662
780 936 752
781 601 958
353 377 638
11 979 412
617 247 157
482 451 115
456 389 395
391 405 552
470 244 905
502 294 474
163 74 410
915 855 10
872 208 387
510 218 365
921 835 611
78 316 61
192 772 450
587 162 854
138 631 98
43 133 391
517 296 465
926 211 319
936 83 526
322 592 743
686 512 577
297 590 893
358 781 665
807 367 826
660 505 457
757 548 590
148 64 886
612 990 96
931 925 178
456 246 769
199 932 281
776 228 870
668 585 651
332 391 18
158 51 522
615 808 70
205 955 133
90 567 122
186 497 46
364 953 292
132 152 223
413 927 450
283 595 35
933 927 426
950 85 476
472 699 284
542 904 239
674 994 805
796 179 302
842 542 255
133 674 406
355 86 333
805 368 927
839 301 853
264 251 937
740 723 636
23 264 540
261 937 533
66 733 711
368 574 253
622 706 927
27 60 12
359 864 380
286 703 680
139 967 930
75 706 653
711 729 916
250 990 853
783 56 585
494 423 158
746 44 863
672 71 923
684 430 787
63 716 490
743 854 456
673 929 162
325 639 890
241 889 880
93 671 935
677 164 357
835 910 401
697 582 472
620 265 902
407 328 617
896 71 470
351 743 399
512 68 37
402 308 926
281 401 597
216 77 761
573 911 670
973 608 251
445 227 516
347 634 844
963 529 914
433 879 657
831 390 724
868 792 32
794 72 432
390 287 509
150 860 419
820 833 27
70 277 254
586 623 887
429 586 415
342 19 293
999 850 683
722 717 475
754 510 546
185 900 833
693 49 692
112 868 524
138 938 801
392 524 424
278 953 10
692 294 28
985 292 877
668 14 594
142 767 103
688 952 3
521 645 51
213 757 919
737 895 857
537 286 381
961 564 333
970 256 627
997 240 919
873 908 932
466 50 699
569 737 651
571 258 295
622 470 52
541 206 946
398 742 231
778 702 795
110 671 50
736 668 290
654 541 197
586 7 247
285 576 983
935 146 241
230 768 710
281 308 915
227 705 657
458 483 359
252 592 30
301 328 697
590 982 237
787 567 244
33 852 819
16 786 965
256 16 732
965 297 40
880 523 745
536 980 227
894 231 819
923 531 147
620 121 128
856 907 695
100 939 546
918 955 332
882 210 347
614 174 643
654 54 166
398 589 145
625 482 376
443 405 907
590 24 27
717 880 934
412 979 873
958 897 827
289 779 36
636 392 210
279 46 263
444 443 852
589 67 334
964 510 738
870 99 762
897 816 641
830 228 620
702 185 516
529 473 295
564 109 687
774 388 732
37 831 174
889 420 241
222 383 751
959 253 850
720 149 666
361 979 893
981 680 77
496 208 550
791 772 659
477 546 46
208 583 877
382 471 296
623 692 679
373 651 932
222 371 80
888 732 59
780 712 739
857 208 947
406 998 718
64 474 264
110 682 846
986 63 317
281 685 9
960 58 659
891 280 30
971 167 761
29 946 472
767 803 679
713 208 676
431 272 150
694 381 831
540 366 894
857 647 578
865 606 636
523 496 915
552 466 81
313 495 27
784 261 829
463 974 37
139 404 308
288 98 689
119 638 55
12 494 701
590 358 307
225 881 802
140 433 268
220 745 762
246 528 23
75 990 997
111 129 400
419 416 498
107 535 136
161 547 629
862 136 987
168 361 867
970 500 299
238 720 43
1000 966 571
23 40 561
19 150 689
419 568 105
917 675 639
52 836 185
681 698 321
667 866 682
534 836 182
832 73 901
875 73 866
446 95 906
6 114 56
695 533 623
799 449 298
438 500 134
623 180 831
943 847 696
625 380 531
806 212 604
707 86 677
572 531 772
477 537 886
533 231 418
156 30 866
453 468 366
586 90 546
417 33 392
113 657 771
644 463 982
248 169 68
924 740 599
695 217 135
580 749 366
998 904 396
863 357 863
228 943 952
774 359 985
165 472 641
936 115 103
918 362 271
985 285 11
583 980 228
718 560 977
84 557 881
479 420 238
342 648 180
294 421 539
278 586 10
918 521 124
21 438 486
292 422 771
303 5 750
531 723 310
507 807 866
388 286 286
625 627 933
805 920 354
343 197 939
353 115 459
477 135 896
962 427 318
732 729 323
482 259 46
791 766 852
657 153 137
942 778 764
875 582 683
228 925 880
166 277 994
624 754 129
520 715 555
838 446 284
160 928 543
206 718 308
57 375 461
194 316 238
957 191 820
639 418 744
518 584 21
512 208 774
640 727 489
195 565 934
478 725 862
20 930 579
328 987 954
789 180 269
26 137 460
846 776 878
590 294 461
610 805 668
384 445 395
872 639 959
806 117 684
667 136 613
246 464 600
199 252 779
468 278 915
927 123 691
804 712 984
265 322 788
932 705 232
327 576 870
286 381 986
969 47 122
582 292 586
181 491 837
960 958 115
875 884 237
565 688 949
548 952 270
336 883 974
567 210 549
437 495 930
423 464 977
545 45 269
130 226 759
967 185 716
81 59 600
318 623 287
266 171 238
535 506 121
509 72 330
58 509 825
987 931 288
963 476 333
232 605 558
990 571 742
705 652 800
304 969 423
591 234 593
828 769 98
949 277 170
278 334 678
103 321 609
390 284 84
723 515 688
280 504 259
22 209 911
822 513 879
244 103 113
837 931 881
934 879 157
103 157 491
781 259 811
389 649 94
472 371 608
160 651 111
418 672 319
328 493 831
207 737 934
319 573 864
199 506 742
356 609 898
846 389 156
656 777 805
749 248 175
357 407 826
467 825 497
786 153 990
617 359 726
551 678 298
414 876 803
155 231 412
53 77 800
209 732 577
13 481 825
188 837 232
13 304 56
510 90 209
499 707 567
224 257 244
521 670 120
324 825 351
736 878 427
535 86 158
111 98 639
936 286 476
167 298 779
223 807 869
431 306 575
998 529 831
242 50 501
361 374 326
712 109 203
138 644 288
296 755 386
934 690 671
410 856 969
188 78 776
56 509 81
631 506 609
462 747 659
962 108 32
287 819 141
489 957 784
777 252 538
162 186 227
833 595 83
801 783 161
576 838 669
656 469 174
265 930 921
924 891 29
956 178 848
96 667 804
879 443 55
416 605 240
643 437 835
725 237 617
885 813 455
554 469 923
727 734 852
648 658 743
677 613 921
524 708 587
327 587 29
382 3 634
621 645 70
455 370 307
72 255 120
526 808 588
448 535 322
300 183 979
43 859 591
963 382 299
549 709 885
578 90 888
211 711 533
280 166 902
587 237 156
706 762 964
293 209 498
615 509 680
593 551 538
184 513 920
482 62 628
367 639 718
254 850 428
786 130 593
688 716 829
844 421 590
807 714 799
304 329 307
984 921 858
522 104 370
442 586 432
70 952 70
787 206 919
214 991 49
807 678 764
636 522 185
225 328 899
24 632 227
331 615 148
188 136 251
558 577 837
989 646 788
59 433 994
978 647 984
26 453 662
790 88 183
974 313 511
873 337 142
99 667 756
247 855 892
498 413 469
334 402 114
122 460 547
115 438 193
99 463 645
761 253 732
944 227 45
454 99 381
595 198 47
351 444 902
242 942 314
710 275 715
824 397 175
370 511 612
562 610 75
206 370 328
938 314 554
983 767 653
363 362 850
410 712 294
311 954 235
625 663 510
340 487 906
515 856 417
127 418 26
201 624 396
528 562 709
82 544 476
734 906 837
583 315 548
877 626 502
112 251 164
621 591 651
527 105 506
943 232 923
968 433 547
364 961 108
72 42 651
547 775 556
383 358 871
931 235 497
432 346 748
596 967 338
246 493 443
752 435 674
675 403 106
221 766 67
328 838 108
979 385 883
534 767 240
405 698 475
902 130 820
649 726 786
987 972 279
429 724 713
103 398 116
209 619 882
275 947 719
383 925 103
265 459 870
504 864 568
979 765 698
798 413 423
584 400 395
862 829 118
575 931 515
691 140 134
572 415 80
291 797 5
393 61 463
263 565 326
831 543 90
528 341 503
951 924 903
345 786 731
462 361 662
977 51 801
110 623 216
190 913 12
194 306 72
657 569 637
982 399 179
72 926 519
575 876 443
478 220 229
208 682 589
869 658 640
670 768 262
885 958 175
897 151 481
969 808 49
605 790 447
783 861 372
302 436 248
745 913 467
973 121 148
562 990 806
201 660 574
463 544 531
638 441 682
118 409 489
166 13 278
612 796 139
984 98 574
231 842 487
698 815 607
846 377 597
651 578 256
224 40 800
755 677 240
436 794 648
925 959 660
202 571 456
340 554 553
914 785 395
401 482 210
8 327 586
604 977 163
859 201 202
658 955 879
897 391 673
545 315 632
204 517 202
660 857 756
212 770 540
606 171 21
816 178 347
401 782 324
563 640 525
765 297 480
644 194 871
316 738 185
947 942 702
149 601 558
905 813 328
444 419 498
465 234 676
812 634 457
136 196 96
660 961 393
140 604 587
10 920 324
195 866 266
896 15 866
453 919 678
780 363 97
277 828 330
953 639 963
409 775 159
504 434 119
897 574 723
483 583 642
807 778 508
73 673 522
938 126 441
616 905 804
712 182 631
41 134 270
4 542 44
162 46 478
281 943 51
3 426 634
644 232 412
152 304 84
674 242 209
114 858 114
918 570 295
548 611 429
817 614 971
861 776 17
338 56 959
389 59 384
23 703 616
434 854 920
517 527 161
726 641 19
839 558 588
134 106 198
563 923 812
533 783 588
550 121 643
508 509 702
892 531 404
507 964 258
426 481 785
587 207 426
605 46 983
193 180 89
391 742 11
202 275 794
789 824 914
432 331 423
134 223 954
538 729 917
795 155 398
580 741 604
5 345 649
987 537 828
76 927 570
86 129 844
879 918 667
793 350 998
215 483 220
168 20 949
85 815 103
483 394 843
87 398 188
735 385 725
563 460 652
133 546 780
976 425 698
643 217 47
641 432 529
861 599 548
810 684 363
912 166 756
755 252 154
942 987 538
666 550 998
318 683 543
97 658 967
794 301 184
840 942 615
369 803 214
917 612 898
279 523 64
35 277 315
188 219 302
726 885 852
723 202 534
266 299 192
232 92 493
416 932 435
30 301 237
244 217 849
141 496 372
204 530 648
519 717 867
821 443 751
672 165 953
206 431 251
398 662 343
890 78 274
325 107 575
562 350 791
410 490 286
781 693 816
429 212 532
295 32 974
46 703 139
998 909 569
248 306 231
590 196 308
864 520 415
438 81 765
229 491 255
515 271 947
330 699 159
861 994 190
835 39 893
974 37 801
543 284 106
774 874 302
81 738 822
496 176 902
260 404 393
514 919 663
461 248 362
619 109 355
808 944 393
701 917 429
501 460 713
607 233 587
908 314 324
729 809 500
631 69 904
23 583 822
686 43 69
47 662 177
401 470 120
794 170 37
223 671 496
936 277 729
522 185 42
846 914 851
346 544 919
249 567 502
70 253 545
139 299 206
316 700 676
435 493 846
472 716 516
968 652 792
696 174 977
737 20 890
588 365 434
507 614 1
8 683 253
552 822 551
758 137 251
433 572 744
278 43 459
794 11 110
586 706 284
562 443 303
451 30 667
885 536 280
885 544 963
138 95 785
689 852 921
939 284 492
682 562 535
141 355 545
250 940 251
534 502 693
836 953 723
502 837 259
782 722 802
744 859 897
528 547 748
449 486 32
941 167 594
475 307 949
20 557 889
271 90 390
963 925 342
686 427 179
945 208 901
746 952 760
643 480 306
390 929 792
422 869 958
15 344 264
963 364 821
851 634 910
241 597 835
583 282 261
761 227 469
662 972 421
421 615 900
727 4 829
518 425 697
475 440 40
739 402 404
559 253 37
469 493 633
304 75 915
565 836 141
33 497 113
453 917 727
353 643 731
181 160 155
878 635 594
918 374 996
321 933 248
357 401 741
990 705 816
904 269 651
44 302 148
157 754 64
883 107 707
613 288 867
768 165 502
362 83 875
358 403 807
606 759 208
346 748 912
161 652 180
812 696 481
959 852 235
23 735 342
730 348 630
597 115 794
98 477 876
972 834 279
778 439 37
986 785 785
897 946 437
77 757 132
558 716 984
793 739 718
135 469 65
764 65 180
557 162 656
433 134 489
711 912 928
748 897 712
533 794 657
970 870 414
101 428 130
84 220 869
802 354 337
866 117 402
45 674 563
700 107 697
189 818 608
116 565 504
828 98 297
484 67 167
898 168 594
27 252 814
895 53 167
232 918 284
633 963 957
196 663 63
892 851 881
499 967 445
3 794 543
300 277 610
467 174 777
60 201 28
873 96 81
40 327 998
323 960 961
280 155 623
343 46 473
223 545 439
668 548 232
211 848 509
820 314 683
597 374 884
625 246 979
705 286 306
703 608 265
663 888 419
285 230 465
757 453 10
196 120 558
428 330 405
937 149 718
620 746 91
503 370 337
482 74 622
787 776 230
52 438 117
471 722 347
935 479 799
945 674 918
502 102 247
906 38 396
624 657 141
714 160 511
51 641 584
672 427 359
902 478 797
18 949 518
364 883 997
162 827 670
80 329 772
327 234 809
722 857 466
863 571 625
373 621 265
957 293 692
316 194 170
112 212 118
630 575 1
626 737 828
296 816 156
67 142 390
876 864 246
341 727 817
966 100 438
231 56 731
922 371 925
92 483 136
209 112 711
210 738 448
37 33 263
192 100 405
582 975 269
827 316 995
644 281 95
82 511 150
812 433 521
736 524 3
871 733 115
582 942 852
29 978 885
292 170 984
697 751 959
965 578 274
960 222 555
54 303 66
203 114 499
724 850 23
727 721 755
842 302 697
693 331 674
578 622 844
562 318 595
520 283 173
794 242 394
349 295 697
414 498 811
913 221 660
935 948 380
689 789 681
385 482 11
59 59 633
903 620 951
498 140 233
670 933 475
64 281 769
761 695 267
571 607 487
230 541 435
609 230 223
289 615 704
300 674 763
933 577 383
883 74 522
116 744 454
590 808 734
359 568 429
625 138 35
112 367 576
546 975 806
768 264 421
472 564 94
235 496 671
617 379 745
138 495 488
591 84 295
325 442 863
753 66 1000
788 177 367
363 723 341
169 491 605
589 963 169
683 197 665
353 813 44
97 950 538
585 541 621
880 866 63
742 618 129
742 405 306
108 768 28
449 936 519
54 525 481
222 207 677
886 560 490
929 657 440
466 241 981
87 121 846
150 863 464
279 604 869
584 711 636
612 160 572
130 213 96
611 434 303
288 320 863
777 248 519
217 714 760
197 801 880
42 950 743
506 228 346
374 812 57
9 424 216
581 554 428
677 164 862
979 451 181
841 228 428
360 444 142
119 641 942
999 683 891
741 188 119
87 561 931
143 569 354
359 149 907
786 826 70
647 804 521
827 645 749
255 4 192
396 123 832
337 122 514
228 863 701
347 949 262
277 92 830
631 450 979
537 236 804
607 882 608
128 709 252
876 963 256
67 359 378
899 696 500
413 923 362
114 270 311
375 546 402
205 176 852
184 713 87
987 319 968
595 447 677
847 322 640
102 389 998
480 288 693
979 700 616
340 814 885
650 189 431
52 393 606
903 577 319
989 564 637
957 158 84
633 4 405
273 105 793
271 584 80
964 563 780
579 902 594
464 552 782
894 604 175
500 506 751
818 495 314
455 451 472
538 84 475
943 356 580
735 626 164
815 589 726
595 168 628
188 632 180
970 525 783
145 25 289
895 843 783
209 298 234
681 836 318
155 778 674
735 513 299
898 328 888
624 922 56
251 110 687
430 79 212
213 224 236
501 118 79
284 327 376
517 7 211
834 162 989
507 897 501
806 795 828
694 418 750
749 669 859
435 99 938
646 311 161
882 812 279
960 95 606
336 611 613
547 445 775
535 952 671
36 757 466
864 451 883
614 199 552
472 634 650
410 280 961
570 161 772
849 121 866
454 457 477
67 3 921
841 538 873
512 573 629
977 437 80
860 50 278
411 522 912
61 931 192
22 501 353
793 350 473
658 804 929
135 870 931
55 710 469
927 222 41
556 198 478
635 58 527
913 469 48
825 529 979
16 550 480
368 343 829
841 1 632
770 135 501
701 189 211
169 116 433
209 672 630
686 307 688
213 220 156
261 45 685
239 60 234
719 428 576
547 268 577
179 37 711
680 737 900
891 905 16
323 114 687
953 800 994
640 13 213
795 273 258
479 512 317
713 230 745
289 777 13
865 955 50
575 634 786
475 524 691
490 847 805
176 799 605
170 438 617
383 233 889
640 712 400
957 424 630
701 713 406
713 578 361
762 153 995
548 627 519
239 116 365
44 292 163
648 461 600
264 843 833
153 482 544
553 438 968
182 139 680
588 852 257
948 613 410
943 161 36
461 399 151
825 442 443
987 90 903
587 354 746
419 506 227
962 58 665
929 240 804
609 828 655
866 775 268
275 718 428
310 178 827
461 2 269
903 988 358
806 574 711
551 993 217
778 954 275
443 883 514
246 492 341
901 357 116
168 632 833
595 941 10
421 402 12
690 304 999
47 110 573
758 660 565
974 437 519
249 880 402
762 125 894
103 25 250
218 192 881
51 787 822
61 208 224
72 897 528
70 944 637
643 701 297
208 675 734
727 923 613
129 685 738
22 787 762
272 5 954
153 55 741
975 116 949
198 187 845
725 257 788
362 899 489
658 107 164
391 834 87
3 962 772
740 983 559
502 254 563
456 406 618
197 380 733
145 578 920
989 303 176
777 664 75
266 321 181
430 711 14
517 714 975
288 454 958
846 956 212
409 411 618
27 608 998
759 752 575
678 741 877
854 518 540
928 783 861
108 213 572
122 729 285
97 17 738
54 862 694
265 271 105
882 297 712
879 56 463
454 734 204
330 587 721
870 514 504
730 622 717
301 743 445
585 839 462
323 892 323
16 157 594
120 39 890
832 918 945
294 371 678
498 700 265
218 569 778
722 298 399
438 598 142
882 183 980
343 506 872
666 522 29
260 642 67
149 473 984
94 767 354
772 264 54
36 482 622
814 203 920
212 640 518
354 522 701
333 865 206
205 531 728
233 790 369
300 939 842
283 32 608
637 804 872
690 840 353
312 653 556
232 865 196
749 218 717
450 551 582
656 755 112
383 988 902
752 287 841
593 570 873
201 207 676
73 897 515
426 209 167
981 440 31
177 189 249
893 638 799
475 293 553
587 675 541
488 427 827
329 20 397
201 221 603
876 293 500
390 719 708
557 700 147
588 876 335
836 769 972
634 243 265
187 830 940
727 317 366
554 646 385
951 846 605
554 721 898
53 111 616
760 668 315
907 255 191
242 90 959
214 724 202
478 910 31
417 637 348
782 190 993
167 140 838
772 693 558
669 746 669
285 505 336
600 412 590
790 653 680
748 866 403
950 343 313
980 760 949
327 541 138
319 708 278
156 479 971
714 147 716
382 432 221
718 31 632
307 820 284
986 568 150
389 517 492
701 496 251
649 823 792
787 141 499
65 297 978
35 11 125
750 393 556
970 110 586
601 416 406
885 402 974
34 791 490
526 492 986
777 140 809
568 927 949
67 991 246
45 25 256
169 775 648
724 745 758
310 346 173
715 230 575
688 264 366
178 789 857
164 565 997
972 133 923
921 200 914
166 244 939
422 412 714
70 136 458
827 445 803
1000 160 33
575 847 296
940 25 85
797 188 650
793 159 782
716 80 982
629 245 225
568 667 637
281 736 772
738 562 217
541 562 376
573 136 223
868 76 247
953 872 435
602 664 593
383 380 673
365 8 917
589 576 583
226 856 319
998 594 881
214 134 442
589 707 578
811 575 653
58 527 525
492 128 188
85 511 568
757 875 575
674 464 151
256 689 6
575 687 600
455 900 733
897 489 439
474 299 13
127 356 539
651 848 667
839 932 177
406 688 52
981 361 515
131 617 204
137 192 890
736 646 790
469 542 278
907 16 576
920 142 932
459 793 779
126 631 711
302 37 399
353 17 760
868 148 376
71 284 567
961 19 213
750 488 755
27 394 770
603 314 912
534 773 704
313 898 335
24 200 371
422 552 388
181 420 535
557 491 818
123 451 837
336 200 324
90 227 718
860 829 32
771 363 804
475 676 702
809 699 901
180 120 452
567 301 872
101 857 362
919 980 812
756 315 12
79 405 239
797 265 68
828 35 430
632 510 106
333 319 804
233 499 924
685 65 224
556 166 81
918 84 60
729 839 375
741 918 780
979 715 44
47 543 79
476 175 588
581 507 907
385 740 405
309 425 470
532 981 635
613 898 719
672 627 558
47 367 476
826 346 190
869 392 732
947 868 906
535 449 413
442 834 153
846 142 577
315 674 557
950 286 454
668 958 80
225 4 447
700 830 793
889 699 185
621 646 52
527 180 501
940 621 334
92 467 475
668 782 148
224 731 433
678 398 391
757 622 395
204 322 224
996 211 922
180 832 567
232 358 747
732 297 368
65 389 835
539 56 616
687 280 346
120 957 744
510 714 365
904 918 687
128 914 897
49 93 728
616 325 86
363 56 382
730 121 771
565 660 826
180 347 106
526 466 63
269 976 777
634 879 694
320 7 607
216 55 700
943 671 25
28 33 80
410 763 201
181 327 861
7 507 207
112 32 672
174 300 647
951 933 526
644 252 532
251 467 587
951 410 257
975 438 290
55 848 53
255 28 380
115 34 886
321 146 917
993 320 216
639 270 149
165 913 400
696 164 867
283 114 277
540 88 715
829 142 562
882 397 590
261 511 624
146 832 769
63 824 88
279 463 357
427 628 270
826 324 434
693 606 547
969 145 635
683 973 776
245 855 172
834 115 683
457 261 515
226 323 339
313 601 802
670 27 429
940 853 752
374 545 357
920 514 501
555 196 474
330 441 328
502 274 443
185 731 703
699 957 25
37 270 626
838 940 652
266 879 505
18 252 49
374 172 562
875 726 758
349 56 198
676 558 472
119 742 203
821 440 159
846 476 428
472 314 367
124 579 246
628 596 498
676 970 669
238 844 395
996 192 451
193 868 8
664 987 750
867 807 189
25 653 665
452 125 978
819 248 557
64 875 152
561 551 122
230 789 966
625 784 158
75 977 25
83 641 12
832 507 819
21 531 471
685 983 596
663 801 843
219 864 717
371 424 268
492 654 56
457 278 840
614 353 816
639 435 456
650 267 962
469 288 492
940 972 474
535 634 275
377 852 138
94 223 562
361 714 215
417 171 492
256 785 845
71 423 280
526 73 546
488 541 833
979 480 805
453 14 439
727 391 291
865 484 513
426 845 226
641 261 397
133 516 181
977 587 604
256 113 677
802 600 218
635 579 698
439 32 712
878 759 102
168 623 585
680 49 429
906 689 690
302 821 206
482 797 792
86 53 905
762 854 504
979 489 83
676 928 114
387 805 873
488 973 495
73 652 544
502 558 232
191 860 53
397 342 850
189 427 902
93 188 756
597 166 245
679 841 172
793 228 976
665 715 949
160 788 600
703 289 158
935 480 17
988 876 358
837 64 784
739 156 972
494 753 137
739 431 978
910 224 206
886 888 921
834 48 708
434 751 997
591 685 476
608 673 352
966 509 416
750 247 571
721 741 324
858 479 754
836 389 978
41 274 866
961 108 913
669 541 663
665 132 348
141 740 21
492 705 529
907 454 776
478 174 517
801 32 996
555 867 384
532 907 658
397 868 765
310 536 305
973 200 437
321 340 176
341 832 880
869 738 334
645 216 508
161 16 539
156 571 406
540 102 312
197 499 180
961 809 716
266 781 915
702 101 255
878 441 87
758 310 825
92 955 40
599 115 56
137 271 626
542 810 728
854 6 227
34 966 35
749 232 815
664 934 916
919 811 357
5 569 667
829 660 621
868 258 735
923 395 6
549 937 815
276 791 820
502 824 786
537 573 18
352 236 951
267 154 762
624 158 330
290 987 990
911 855 247
646 777 642
651 326 579
465 601 369
285 103 193
71 639 766
88 990 1
38 257 155
799 880 312
129 170 299
118 80 153
365 725 930
6 375 255
585 840 856
954 124 958
147 195 597
912 282 586
912 319 842
66 118 722
378 246 892
676 363 971
829 727 696
758 733 71
12 317 910
867 270 34
825 416 228
421 327 510
7 239 828
849 305 945
570 682 190
462 358 553
432 186 279
128 944 12
198 955 328
108 822 598
142 647 14
370 68 341
879 74 579
706 922 883
651 492 565
841 953 923
393 385 108
672 512 52
683 710 7
11 817 829
609 958 475
622 328 542
963 206 616
542 911 537
425 562 29
989 402 982
911 794 366
19 466 878
71 148 587
77 159 404
905 767 362
379 389 689
921 351 894
536 892 805
73 316 366
101 305 768
83 216 562
449 235 27
326 305 175
913 381 333
317 285 99
678 664 488
367 585 838
261 120 729
65 192 45
431 293 349
198 376 565
760 824 799
786 150 103
960 62 484
293 379 769
392 56 432
879 423 16
716 683 136
445 747 328
490 178 620
838 376 995
402 135 819
201 920 968
304 880 30
787 172 408
555 563 464
987 442 886
3 157 569
138 602 316
465 91 493
85 929 868
80 331 3
898 531 923
865 834 802
894 621 974
302 175 537
766 162 978
651 164 135
220 301 736
535 766 827
27 850 755
895 929 85
898 826 616
820 691 449
622 585 70
595 886 245
132 651 406
110 302 569
244 521 870
980 55 636
807 82 485
561 977 414
646 874 240
261 694 930
710 315 514
779 910 400
23 42 51
428 151 353
997 395 874
867 375 928
502 181 10
987 741 987
400 386 861
639 646 554
569 355 868
83 134 778
483 156 819
533 584 969
886 580 363
759 447 737
687 948 917
696 934 658
683 334 44
543 973 690
96 542 45
964 624 178
741 106 333
559 639 916
528 524 496
891 282 942
627 969 890
544 664 823
202 347 157
245 889 129
934 984 670
979 948 294
156 688 400
489 247 38
405 774 562
900 664 844
842 291 812
731 835 476
554 36 822
710 281 711
839 215 695
509 193 642
803 349 329
202 837 576
240 241 349
802 140 13
645 981 303
457 712 138
933 265 174
755 974 454
465 813 669
159 321 862
801 123 210
129 325 46
704 564 287
53 365 427
65 10 408
368 466 119
505 399 383
678 153 357
132 618 169
801 777 490
662 577 612
871 706 936
917 410 500
204 462 864
630 527 873
37 894 339
155 399 738
537 76 891
893 208 509
62 8 285
551 670 862
162 541 567
98 457 976
598 660 438
461 290 964
334 326 857
673 481 255
411 17 331
301 910 539
809 971 546
94 522 215
955 684 755
522 782 212
497 379 872
934 840 161
898 174 487
755 846 967
10 256 984
340 557 894
878 366 865
424 459 386
639 413 69
394 934 850
606 431 228
477 365 67
638 262 240
124 16 86
91 25 342
74 365 899
967 243 264
831 667 722
216 305 135
285 699 69
134 304 499
362 781 864
428 418 125
668 542 141
754 632 166
95 706 531
994 673 773
257 504 439
978 720 744
113 4 442
181 137 745
680 499 526
543 927 943
667 594 485
808 348 117
973 443 822
503 436 495
276 692 998
715 670 717
458 782 720
900 962 857
645 641 355
170 183 281
113 850 875
597 658 223
713 631 665
535 134 100
29 409 792
26 124 461
742 582 243
462 481 204
318 126 845
673 295 28
954 408 878
828 4 535
50 717 166
715 252 299
814 281 708
606 307 831
66 48 412
308 510 892
512 828 18
357 500 312
384 453 719
262 281 723
797 331 440
962 45 691
260 859 972
967 464 278
797 529 326
209 837 835
101 349 662
118 705 162
429 89 614
148 350 895
871 146 225
310 107 269
1 367 128
972 333 591
250 130 120
575 338 956
409 438 305
71 555 9
232 984 97
846 132 446
740 2 592
964 312 699
233 313 65
360 285 398
951 534 527
70 108 865
26 517 303
330 587 858
338 819 841
435 664 973
881 403 975
472 366 287
171 599 599
235 958 883
633 908 416
159 978 524
24 3 40
326 333 627
183 670 445
24 105 108
997 985 510
971 457 876
258 627 474
856 862 432
739 494 339
155 653 316
678 677 319
718 2 651
344 185 321
789 209 425
896 205 410
406 176 866
282 433 493
755 289 355
187 27 849
526 182 501
842 859 178
160 577 179
811 921 364
131 709 573
556 604 778
965 10 953
831 291 386
324 46 675
678 232 702
526 758 883
27 599 742
204 758 318
383 568 238
747 699 946
319 254 550
96 219 560
49 49 850
435 372 896
109 50 128
810 576 885
692 602 483
433 806 241
751 189 809
988 936 508
934 254 761
484 350 979
43 398 27
893 833 399
789 941 448
916 750 23
801 442 625
284 874 431
525 624 620
333 612 555
840 546 809
601 29 158
580 72 556
607 964 388
5 752 329
453 668 78
476 468 520
100 751 393
531 276 17
150 608 629
705 448 174
513 49 203
671 628 274
227 234 238
614 239 989
943 691 656
21 166 124
540 266 875
932 796 150
949 946 758
578 650 206
752 163 254
954 833 882
228 59 115
465 673 353
453 615 44
109 635 209
232 175 475
107 107 271
256 55 216
14 633 866
219 384 29
473 338 861
354 565 920
468 30 593
821 483 207
864 591 842
73 823 16
547 930 122
817 185 177
33 199 809
899 417 193
927 889 530
788 242 95
707 710 124
299 531 606
506 394 197
348 467 20
364 14 949
486 831 134
663 863 332
472 762 748
664 688 637
194 475 879
288 182 589
412 480 119
18 986 513
215 333 979
234 697 992
182 182 822
315 844 685
647 315 446
394 979 134
31 172 609
909 460 790
497 871 270
616 889 255
128 103 588
106 336 284
98 518 465
920 833 309
604 479 624
50 873 602
184 903 773
792 812 233
582 309 104
851 924 992
105 51 95
693 157 430
976 255 948
441 174 780
750 778 259
373 828 131
974 11 34
747 802 846
979 383 154
82 234 78
73 339 128
167 31 285
597 6 539
544 447 712
324 196 490
582 568 317
713 542 327
747 288 129
592 266 512
745 347 745
822 420 83
950 587 113
235 183 119
773 727 566
485 51 761
974 633 329
291 346 870
617 92 158
745 683 423
257 428 770
1 250 190
83 200 776
196 434 959
314 207 686
879 692 736
640 666 369
968 956 714
838 572 805
995 317 488
418 573 916
188 574 166
377 656 365
152 852 799
111 166 6
796 45 697
532 684 362
900 652 318
613 490 890
418 484 207
905 902 779
821 89 353
986 466 9
351 618 860
149 728 25
154 523 69
851 54 753
213 954 404
530 566 893
419 983 377
625 888 279
404 709 368
756 694 833
765 44 450
624 193 177
649 346 700
717 197 754
470 409 707
873 939 273
766 357 256
143 982 144
421 386 852
788 142 546
621 906 589
70 530 782
247 178 127
947 895 324
701 364 732
407 236 670
679 2 27
935 144 9
78 565 394
929 352 536
474 972 442
63 42 971
844 289 148
971 235 43
294 935 406
26 342 642
696 21 643
722 955 787
730 32 351
124 961 703
660 435 675
101 498 716
71 341 4
219 312 239
261 606 174
666 632 515
307 327 536
950 48 490
736 778 522
86 901 483
788 560 917
462 661 415
178 731 756
182 950 67
421 210 673
594 876 304
109 183 630
644 132 678
133 867 455
655 953 356
138 741 916
55 203 576
469 381 307
224 562 256
291 982 465
963 576 341
267 684 523
896 327 654
573 460 521
28 115 474
383 252 214
298 306 417
873 774 797
180 998 359
435 288 341
900 251 917
240 517 600
762 413 927
416 986 386
936 13 500
410 395 752
624 693 57
40 566 831
837 745 828
196 179 115
536 79 366
452 318 882
52 80 295
978 495 280
364 431 292
864 840 687
615 463 379
672 503 945
502 339 689
330 534 868
445 70 946
810 522 263
692 573 342
986 551 837
265 914 267
557 777 106
243 392 569
622 63 71
566 564 409
255 894 943
122 338 12
67 147 534
330 838 106
672 824 656
508 88 570
775 644 346
880 887 737
449 509 800
519 74 363
928 328 257
870 450 594
882 516 740
415 846 578
521 517 401
177 25 489
746 799 133
92 679 20
829 128 528
628 646 601
991 573 929
247 443 378
840 324 894
580 738 739
158 259 256
559 435 281
47 181 80
180 272 759
199 100 886
727 727 531
327 717 104
256 963 546
633 802 870
527 382 608
266 539 866
521 97 300
802 144 480
881 323 752
640 522 851
525 248 577
56 575 294
160 830 256
705 463 58
574 989 439
181 254 978
47 775 74
347 577 217
827 458 540
578 97 61
428 621 309
5 677 883
298 836 713
554 541 176
612 115 165
51 296 419
28 342 193
102 688 769
318 514 226
858 92 323
919 519 944
227 524 620
110 821 456
823 375 997
998 986 111
162 36 406
580 64 748
773 165 436
542 483 950
768 340 41
90 258 559
33 484 83
653 594 903
109 416 278
105 413 264
216 575 299
622 154 363
369 927 527
805 468 9
754 235 348
794 325 605
353 358 89
435 11 683
338 119 98
615 224 511
878 439 85
177 60 239
539 428 165
66 232 633
74 986 868
421 779 192
26 132 550
115 566 560
798 904 678
895 519 901
406 397 339
491 573 398
729 112 826
894 178 58
526 251 43
393 672 822
585 698 953
134 813 519
693 610 422
370 505 940
271 910 336
610 400 909
8 129 21
834 22 198
891 547 449
934 939 120
755 523 818
708 656 630
226 349 239
648 719 744
588 989 654
923 599 53
832 606 182
853 439 203
51 330 749
499 263 688
619 18 211
436 726 867
66 951 216
305 599 934
48 186 923
701 109 521
754 940 127
935 793 566
138 843 895
887 342 158
574 960 176
785 396 901
652 462 852
867 766 450
800 814 635
723 514 743
243 268 683
369 203 475
934 340 318
829 226 659
986 800 619
161 585 15
62 237 476
913 103 242
362 903 55
997 625 569
740 868 836
422 236 39
897 170 378
214 998 604
873 984 403
492 145 988
506 206 224
982 119 326
223 481 229
277 477 854
845 216 721
681 638 957
719 534 126
97 748 123
700 621 107
103 112 251
90 617 456
313 598 575
639 821 55
867 97 531
721 942 747
441 623 385
397 341 919
523 438 666
645 137 286
752 239 397
2 329 14
458 641 612
32 280 432
86 147 528
617 867 470
364 307 92
748 704 433
666 226 870
331 871 7
617 622 246
14 624 574
27 81 215
638 113 494
69 198 640
597 815 506
67 178 813
159 925 516
591 590 742
461 921 612
467 538 234
713 551 857
286 578 938
500 215 50
993 284 248
633 881 62
138 948 240
950 106 164
466 697 754
207 157 675
819 624 212
53 336 763
910 621 340
847 121 555
897 114 839
144 746 719
206 883 667
445 833 772
609 299 468
362 506 625
37 325 248
248 377 583
11 286 204
350 133 324
904 29 438
742 173 183
461 378 66
127 823 898
899 431 197
366 793 702
991 829 26
238 77 403
821 87 688
25 437 820
348 340 849
786 82 21
968 543 398
33 670 221
931 568 651
127 934 443
829 924 272
855 162 349
257 982 435
945 6 872
765 354 212
613 139 293
633 107 836
31 139 505
251 70 73
902 196 7
345 25 931
616 879 92
964 135 74
399 79 80
270 843 434
481 455 573
774 88 679
610 119 818
115 370 887
187 271 83
194 615 107
124 230 985
215 194 119
289 593 198
368 862 40
801 343 495
373 117 583
52 727 701
869 841 70
755 28 340
837 221 954
943 344 184
928 559 378
47 847 970
244 214 832
284 15 174
778 388 291
360 439 17
61 308 858
130 62 885
470 899 105
424 842 448
607 769 6
984 815 853
953 59 66
784 342 81
958 119 469
249 479 908
266 539 215
123 669 277
7 138 175
112 561 16
560 168 785
566 151 600
418 104 658
484 888 999
564 846 118
33 94 596
940 359 135
154 481 803
431 488 941
605 600 501
621 159 668
406 724 819
5 142 923
663 625 810
661 189 655
779 221 749
375 161 107
509 315 588
312 745 76
252 350 675
753 971 833
421 376 557
240 381 698
162 43 322
972 703 511
626 482 731
374 856 891
481 364 206
69 676 950
145 928 299
819 681 269
652 101 644
209 341 25
906 502 67
228 473 770
738 99 251
469 473 106
360 954 470
565 22 145
514 167 73
813 985 753
81 637 854
725 845 194
749 750 695
815 978 168
585 716 266
835 184 738
940 544 692
409 108 713
554 622 879
626 434 864
379 515 501
232 239 345
425 988 95
120 802 72
287 386 787
553 221 971
291 160 514
982 569 622
695 123 243
574 749 677
437 127 191
937 358 430
282 782 417
376 901 219
448 188 605
235 740 826
206 30 986
719 11 555
341 706 677
584 279 425
260 716 552
451 653 909
881 934 691
298 310 592
517 758 779
121 992 518
947 198 548
932 916 559
486 257 264
162 840 542
587 100 258
138 550 910
47 431 843
737 728 153
328 244 910
106 365 902
624 311 99
171 242 15
730 728 271
993 889 111
535 476 210
792 613 760
702 659 190
545 396 917
697 723 161
607 829 525
509 452 836
608 623 78
622 352 805
893 345 693
4 880 169
213 672 782
972 373 441
162 917 836
78 614 558
239 220 386
764 728 838
599 335 460
676 957 812
480 850 157
173 853 36
342 65 707
123 37 80
563 198 996
399 276 609
956 514 829
342 277 556
180 876 891
640 551 848
451 31 697
608 204 550
643 545 615
350 668 651
429 230 849
425 628 124
34 584 638
862 926 915
418 106 790
309 745 341
156 196 372
852 803 576
401 445 121
15 795 788
666 224 18
514 649 645
638 682 229
276 544 155
191 961 260
981 269 4
321 425 199
693 276 2
268 677 447
388 692 241
176 358 465
193 872 113
837 510 795
66 785 338
221 976 299
481 956 568
485 277 992
684 969 268
685 237 945
131 625 636
372 800 994
836 992 865
949 829 374
743 895 159
80 115 134
378 595 89
946 79 366
937 762 334
204 446 571
148 577 195
784 948 994
777 783 985
641 731 814
15 474 708
173 553 822
307 931 417
396 876 495
761 812 257
95 16 703
665 164 279
859 947 226
853 723 9
838 364 740
651 378 213
358 551 766
180 858 697
597 253 572
92 14 384
348 108 400
50 772 563
329 631 509
555 484 232
563 321 595
302 972 973
515 330 524
280 509 381
976 106 634
548 197 648
932 544 755
331 594 527
893 923 158
401 477 641
633 39 961
227 341 933
200 856 262
723 136 771
103 111 876
737 659 72
384 590 616
139 921 210
665 813 132
823 214 608
463 846 647
424 73 988
356 272 844
617 994 979
387 97 90
263 833 748
334 216 338
949 354 258
159 19 71
290 841 284
898 304 130
545 727 202
533 82 473
376 699 467
355 86 563
444 348 396
192 682 612
529 630 966
787 789 984
857 78 825
141 976 128
270 521 854
471 53 936
944 429 635
411 783 720
973 226 68
368 417 749
979 946 379
945 733 167
928 589 245
752 729 220
880 999 740
733 469 793
669 413 221
303 823 3
23 796 229
91 164 646
839 143 591
217 87 323
384 14 912
628 766 640
848 645 638
588 378 107
380 47 520
600 350 343
603 373 138
831 463 301
476 301 443
67 518 529
390 901 543
301 529 309
941 376 954
579 963 332
686 343 378
205 942 728
547 545 100
685 375 562
985 851 863
428 917 380
957 306 281
499 607 809
808 547 185
761 125 148
93 811 490
471 15 432
198 562 976
297 247 351
859 231 201
721 659 118
101 615 424
381 114 30
190 921 577
374 682 701
522 774 512
11 244 527
442 442 89
418 739 335
769 597 565
970 318 223
87 418 838
510 798 951
540 988 871
116 362 553
817 883 327
328 894 571
854 336 12
942 753 750
276 521 347
841 490 664
64 577 81
901 87 879
851 626 866
722 742 227
275 558 110
601 886 3
171 739 338
183 681 91
932 957 611
279 798 101
942 861 678
22 762 764
901 613 390
766 335 131
993 609 688
103 210 573
105 380 312
443 563 993
533 495 950
144 773 747
244 714 608
922 736 370
685 636 982
74 402 317
205 395 925
892 497 135
465 602 514
777 44 77
769 576 571
718 719 343
465 963 57
72 884 793
441 569 428
423 642 830
739 847 225
664 738 721
798 203 323
312 979 366
388 747 942
958 465 660
301 929 623
357 1000 506
149 441 74
577 863 716
407 602 562
631 265 300
352 62 503
674 374 481
40 761 228
981 719 692
640 19 621
262 376 621
768 525 61
842 101 924
558 508 525
120 138 790
419 490 852
921 164 225
402 203 985
629 183 703
321 823 722
941 85 97
561 853 621
622 694 722
545 251 229
70 371 367
859 789 857
710 710 20
935 111 223
919 740 405
622 60 228
343 1000 313
440 561 165
60 182 859
782 726 110
11 796 480
377 655 268
234 364 978
254 298 89
476 217 828
881 838 888
108 181 888
420 620 448
585 680 630
443 461 356
552 471 151
31 848 805
299 82 169
276 335 467
365 810 683
193 690 521
80 797 702
967 217 322
415 801 1
44 243 462
399 795 932
550 825 780
354 123 861
523 399 195
989 763 4
672 955 694
192 35 490
894 1 707
215 416 508
215 460 751
677 859 545
608 408 369
388 762 492
248 284 890
443 272 653
447 943 607
140 135 641
630 29 642
336 243 58
844 458 517
594 134 375
138 742 783
507 129 544
998 377 828
888 819 99
540 266 42
146 405 177
787 34 206
428 370 448
486 213 906
2 807 40
377 944 781
159 451 910
703 448 287
530 336 106
629 875 371
671 21 775
848 807 809
53 235 179
501 720 391
406 722 197
446 98 141
226 257 591
136 959 39
422 489 374
527 118 249
897 788 269
672 636 75
481 688 310
659 188 29
50 594 750
246 39 848
387 265 104
978 401 63
17 822 551
390 349 668
639 246 456
907 918 91
981 398 778
291 56 966
319 105 560
69 351 599
916 738 863
19 715 264
81 731 85
632 121 434
299 759 680
754 665 597
845 646 994
622 936 50
588 255 155
147 323 505
745 238 243
608 257 957
871 337 688
956 968 808
390 267 567
69 21 232
665 865 878
659 487 814
708 74 68
863 221 391
367 966 629
609 574 885
566 445 222
253 401 189
61 790 456
628 858 476
860 523 341
737 181 827
550 889 901
618 752 122
8 118 87
636 727 661
521 293 105
742 546 505
931 607 295
386 234 153
862 93 675
202 830 856
29 380 745
929 997 496
50 5 614
137 641 341
797 161 633
902 902 179
407 832 785
701 218 19
853 79 112
528 281 941
384 309 320
128 237 317
624 287 321
237 423 961
577 220 122
210 122 23
388 528 855
173 229 72
191 82 151
302 609 431
243 993 739
563 120 976
879 743 262
200 980 685
160 557 905
282 766 26
304 154 553
158 326 782
230 516 863
380 818 472
810 60 464
549 623 584
524 501 327
786 700 306
471 860 863
375 141 628
400 445 782
953 603 107
735 832 623
597 211 441
69 21 501
532 569 123
116 92 624
442 877 323
748 347 183
610 722 324
238 122 768
19 75 370
126 809 202
749 406 412
190 474 432
690 6 1000
813 121 92
436 562 969
758 310 315
941 919 37
264 157 158
32 176 232
402 302 41
603 50 446
14 240 919
446 929 924
446 741 44
537 176 606
505 934 916
820 875 835
857 139 991
14 170 166
246 571 467
286 174 517
731 188 756
650 633 685
574 79 426
618 616 602
223 121 536
139 940 410
973 797 548
963 810 718
129 56 289
595 341 462
112 72 649
867 721 282
552 294 360
977 911 975
578 134 95
113 272 35
523 244 831
70 207 641
788 335 696
76 930 37
538 41 108
186 908 829
467 459 123
827 436 34
801 13 168
895 126 439
929 648 683
760 718 889
400 506 224
96 581 153
132 119 194
240 304 101
68 771 560
191 597 995
224 397 8
391 292 133
830 221 781
512 980 499
401 380 4
625 475 584
777 606 702
970 845 6
71 913 777
630 103 373
625 326 770
632 717 61
765 546 282
545 58 261
43 459 641
47 83 115
630 860 720
332 830 565
338 900 477
114 530 580
487 154 905
256 786 622
317 550 167
598 95 224
858 138 683
499 184 765
613 814 625
333 146 454
898 484 354
374 597 883
954 83 37
859 339 823
480 655 373
646 252 467
870 110 605
552 608 789
317 220 603
941 553 748
394 450 232
748 824 828
631 777 911
667 635 250
490 114 904
862 760 155
329 629 265
933 180 872
722 497 92
324 437 644
72 831 94
303 578 917
131 208 693
42 875 328
291 364 441
194 225 200
349 553 829
613 486 9
485 208 505
576 531 941
220 602 771
313 905 349
230 35 557
923 76 431
250 367 795
691 560 20
891 909 573
719 521 59
727 5 266
232 581 796
172 801 398
943 113 303
292 343 337
848 265 413
279 514 779
74 205 339
93 95 247
665 814 768
723 541 773
988 772 353
784 944 153
182 886 266
484 178 608
821 26 873
233 304 387
12 378 591
351 470 685
598 135 498
365 858 38
137 846 809
490 629 752
642 810 638
908 294 816
516 114 841
389 347 145
775 359 522
365 709 991
49 306 126
547 671 983
585 807 828
394 296 456
146 938 266
783 846 559
599 362 673
439 750 19
583 524 377
104 888 86
95 937 392
220 484 62
202 68 868
29 461 164
485 607 102
750 390 947
309 988 308
982 426 57
1000 8 581
377 111 468
462 205 405
854 424 888
915 626 956
783 654 417
946 138 23
47 888 412
994 196 399
302 178 824
359 177 832
939 554 942
406 16 147
811 869 571
698 783 196
653 565 849
69 511 987
92 558 874
503 551 70
901 853 247
725 211 424
556 149 977
498 555 993
644 365 861
215 63 644
410 715 208
259 784 718
246 875 275
119 378 826
189 278 678
435 2 889
859 558 37
836 55 592
828 698 956
688 913 18
331 322 733
539 581 517
257 826 392
532 945 769
358 133 46
36 568 48
924 426 605
961 261 659
552 88 357
508 776 269
526 107 591
258 645 171
775 902 997
166 433 941
934 790 73
979 825 641
27 748 66
632 709 327
290 260 414
647 768 190
916 293 296
506 551 941
677 325 842
673 490 274
614 424 64
687 403 888
327 429 636
392 60 344
718 350 604
132 997 371
321 912 664
617 418 214
557 94 539
398 767 29
672 380 452
735 66 854
623 393 283
258 785 342
602 503 692
205 634 689
576 955 600
239 572 17
453 128 111
992 526 877
20 198 257
472 932 323
325 554 715
608 812 499
950 413 2
641 618 635
329 194 590
929 433 161
946 885 289
56 877 815
933 897 12
189 368 944
511 693 498
226 300 309
725 249 722
726 889 339
361 218 532
950 147 964
111 92 849
400 148 725
214 80 621
225 268 989
168 779 681
665 4 980
974 728 228
695 453 117
34 813 335
566 763 482
530 874 573
379 273 721
104 487 800
725 711 68
713 879 846
393 544 850
373 518 577
601 212 30
717 246 843
52 812 606
533 341 479
106 719 752
826 822 238
625 547 949
692 259 827
538 652 371
387 24 888
964 624 100
993 341 346
836 393 157
441 925 497
919 30 216
670 855 38
908 480 584
856 172 843
683 709 494
53 96 518
941 59 142
41 52 483
386 887 875
543 327 800
40 246 829
255 916 684
293 823 163
877 678 335
719 360 43
212 413 138
730 354 197
871 395 248
354 781 135
228 323 462
27 362 707
856 617 622
539 910 445
702 786 123
37 504 483
79 716 895
217 445 249
413 316 643
661 669 424
795 896 746
257 923 108
963 778 725
585 317 634
29 19 419
152 55 922
634 134 637
529 351 81
777 764 397
420 424 65
843 219 961
589 475 883
697 438 661
421 22 978
54 51 997
473 203 51
394 836 185
31 364 535
112 140 298
508 560 722
572 403 941
532 991 415
415 688 853
75 108 875
53 162 926
49 634 128
100 28 963
284 58 326
818 169 466
116 676 25
837 247 427
777 779 418
192 193 105
44 268 213
919 321 374
844 369 8
971 468 35
933 752 92
259 570 260
724 685 935
748 522 182
175 299 961
593 490 154
698 534 421
910 452 742
284 296 110
291 266 578
325 199 329
417 457 898
676 180 583
611 928 104
793 103 402
753 695 892
906 392 426
327 301 878
69 585 173
178 875 438
756 200 636
85 616 93
982 292 272
565 903 200
669 695 302
71 448 996
963 354 388
388 681 689
265 749 273
437 927 147
875 682 346
511 766 962
603 748 253
875 313 155
74 981 850
376 51 298
372 14 651
759 401 331
447 666 80
719 103 6
866 977 688
211 488 454
173 91 201
426 965 513
581 39 494
430 415 545
727 786 558
378 544 958
709 990 624
788 709 726
794 574 703
481 785 190
934 957 280
135 383 245
648 963 283
141 392 697
685 119 483
243 496 26
200 205 16
823 993 725
549 786 298
251 267 83
440 201 40
720 336 422
964 983 384
247 124 776
944 809 894
426 51 390
452 251 594
468 74 587
192 622 372
490 873 639
572 312 840
611 32 175
32 996 157
416 242 281
191 186 89
85 612 140
474 63 390
68 531 463
655 722 85
26 211 957
665 783 269
504 394 300
678 425 296
835 841 537
116 31 723
204 116 334
343 590 397
733 657 927
196 312 649
280 338 860
237 2 642
506 505 35
806 183 460
101 18 300
637 133 331
360 337 446
693 680 35
89 412 692
16 608 3
664 888 340
523 124 342
165 629 847
200 434 30
659 535 47
959 172 180
290 531 517
736 223 196
770 312 608
462 328 215
465 991 103
804 514 226
146 678 855
992 877 289
21 536 823
68 495 994
248 784 525
764 519 747
960 289 59
568 750 386
783 214 377
885 18 890
110 163 567
965 155 444
254 175 980
76 243 474
70 490 257
594 254 775
341 213 64
400 780 813
785 562 27
161 447 44
50 557 207
617 521 361
61 774 536
40 850 779
513 920 268
770 514 521
545 854 734
608 254 514
420 38 75
447 199 522
491 249 78
697 866 598
58 926 372
594 966 222
372 479 142
640 248 655
161 793 509
894 400 762
407 820 800
482 266 998
4 756 247
81 453 112
679 511 38
51 105 4
273 477 482
414 116 730
69 277 522
578 171 921
340 578 741
139 59 7
137 63 762
383 143 215
495 821 725
533 871 830
536 143 306
17 557 421
746 625 697
268 202 868
188 542 445
929 680 504
935 817 566
697 200 708
911 694 529
636 226 399
465 762 542
770 778 99
191 524 723
888 791 925
755 979 466
199 908 146
702 842 963
267 538 162
975 449 856
503 84 82
902 549 843
444 319 621
542 509 144
265 397 935
190 151 914
656 350 821
801 52 662
763 319 200
925 293 648
780 796 732
861 697 280
704 140 598
324 682 107
468 946 503
402 136 654
315 791 4
135 592 56
797 354 374
996 279 667
643 58 462
374 919 158
654 622 298
252 946 979
358 413 925
861 814 60
515 129 850
518 264 441
573 61 795
947 56 73
613 699 131
74 73 50
232 726 671
529 977 617
508 335 29
432 195 843
492 709 972
342 227 235
782 800 295
577 746 351
650 359 49
781 432 122
830 663 847
501 192 824
117 699 158
146 131 353
988 622 62
959 963 288
194 745 88
489 322 834
839 972 192
888 752 624
10 581 287
856 81 478
680 198 177
838 343 308
190 331 929
251 290 892
539 483 637
626 972 958
460 811 929
651 698 681
275 707 261
561 563 342
39 243 540
216 80 883
523 269 213
452 519 502
343 57 985
979 683 957
937 142 767
866 793 465
546 67 172
807 628 735
149 667 977
688 882 56
570 405 325
783 856 843
285 198 900
269 177 583
226 114 724
992 979 517
456 525 583
627 332 211
362 480 878
338 168 759
394 737 164
718 519 19
561 804 217
461 73 394
43 298 507
766 289 486
283 745 10
866 372 342
76 733 821
953 70 988
712 463 725
875 181 244
894 741 47
110 201 119
503 243 416
10 9 705
495 291 449
505 157 820
846 232 552
667 185 622
654 897 85
379 771 265
622 665 6
669 774 207
787 277 450
203 286 459
907 780 750
355 284 906
175 130 137
726 796 322
348 450 218
432 828 989
697 449 653
703 118 426
909 904 703
358 107 988
816 13 767
565 368 51
470 542 181
607 268 976
928 615 425
146 47 252
134 744 701
786 446 818
212 354 722
914 711 828
902 527 840
669 92 208
720 561 749
900 168 16
875 96 631
300 241 677
552 374 421
252 160 866
70 371 219
792 285 930
619 186 456
459 855 547
666 574 108
415 473 276
431 348 371
61 647 611
738 198 984
158 450 143
24 520 514
242 311 799
172 929 985
628 388 839
175 54 412
282 468 884
557 898 231
928 959 877
538 697 75
522 855 524
665 878 43
178 119 354
976 290 283
961 918 670
799 92 723
210 373 191
94 930 89
324 858 47
201 395 744
276 916 598
799 580 475
842 758 594
196 734 884
478 694 801
147 492 892
870 701 265
61 795 195
149 118 52
196 319 446
939 594 362
537 393 942
11 235 699
605 430 432
488 907 125
288 54 617
180 924 317
444 984 111
639 133 229
690 328 548
136 267 141
498 803 533
439 814 768
137 418 197
569 905 104
693 193 158
309 373 82
626 816 66
737 455 198
966 145 526
513 280 792
653 777 595
186 216 408
954 352 826
150 921 731
254 613 923
412 922 295
493 548 111
558 285 565
756 250 709
281 763 989
73 416 766
667 602 981
75 555 333
900 705 253
630 959 866
553 370 788
848 863 336
958 420 620
523 175 870
232 455 633
221 527 48
986 194 650
967 268 204
300 168 908
553 797 866
419 350 236
207 197 98
542 155 517
162 678 692
32 909 147
665 130 674
712 116 867
362 82 135
565 382 302
473 935 99
338 353 448
573 559 645
671 101 799
187 263 476
879 294 385
25 958 514
698 670 629
565 31 711
700 596 93
1 68 27
100 406 379
547 979 938
191 649 39
990 836 301
465 714 595
850 738 553
364 436 223
992 1 254
703 700 849
796 701 917
822 800 322
201 347 300
138 537 948
176 527 784
477 992 497
71 841 235
623 204 671
845 196 671
98 899 371
947 694 71
863 516 870
184 716 217
484 854 753
432 30 280
215 506 271
711 576 112
946 199 315
616 44 511
287 141 410
657 88 103
728 950 618
598 134 334
814 617 187
567 49 216
846 263 721
117 974 297
228 920 496
543 535 539
53 821 680
462 478 767
565 206 716
183 804 849
516 617 466
702 184 514
918 29 777
639 146 751
935 373 670
431 915 204
969 968 25
648 430 503
414 995 708
130 177 511
978 693 128
444 394 311
957 311 340
734 950 485
484 885 858
153 315 773
356 283 740
381 931 170
883 344 164
591 473 341
102 451 33
230 894 427
540 851 738
880 584 687
364 67 571
221 219 885
994 575 168
733 955 98
903 838 442
67 429 914
407 531 365
440 760 258
866 300 108
604 179 692
290 543 758
861 764 977
745 757 551
913 490 506
10 392 343
452 459 772
365 865 302
729 305 62
987 171 361
95 774 540
786 63 82
544 923 846
520 668 603
70 581 92
575 591 484
918 42 942
689 406 807
991 135 111
52 122 281
412 216 55
952 2 117
34 545 40
879 64 708
481 133 288
573 708 878
56 625 919
998 314 325
805 304 460
916 356 582
197 768 797
251 719 799
367 752 343
407 631 407
114 112 539
402 684 247
279 740 872
198 738 185
523 542 489
982 457 844
563 653 611
360 903 329
159 270 81
501 676 711
907 790 822
446 191 506
693 470 246
564 668 983
749 190 524
237 172 980
81 735 633
692 95 535
20 253 805
101 754 481
811 661 270
633 106 461
139 798 931
384 362 598
366 110 788
890 347 960
870 428 695
502 119 789
37 139 42
841 239 795
321 50 455
591 683 561
51 821 359
981 204 720
579 570 830
367 459 176
326 328 604
20 829 722
809 865 860
850 706 98
645 26 148
100 616 830
660 667 650
18 648 854
738 227 423
567 593 881
743 918 209
346 938 37
68 746 902
927 596 607
24 240 633
171 339 248
1 999 915
650 16 562
504 754 788
926 321 380
807 63 298
15 409 236
52 476 981
954 403 576
560 426 816
192 597 155
440 597 153
355 247 169
916 750 922
704 676 242
84 483 305
382 497 714
617 549 190
597 502 592
173 62 18
989 253 615
143 693 211
295 47 458
463 963 208
384 666 883
626 750 365
931 131 862
644 747 411
833 344 912
425 516 973
442 505 226
56 647 919
267 941 966
724 404 928