825 354 49
395 648 417
171 878 526
206 990 254
961 557 239
523 716 516
504 194 771
529 738 52
59 914 797
445 139 144
436 963 497
485 357 144
902 528 22
427 733 12
680 693 568
918 216 284
433 719 478
204 248 215
255 306 128
52 750 266
195 186 229
692 670 586
836 571 113
857 997 846
868 677 539
436 594 754
720 26 473
197 230 720
412 484 26
539 536 776
805 731 961
34 422 631
619 257 202
731 114 198
577 982 874
115 417 468
869 137 494
341 333 723
61 744 207
86 283 742
861 88 472
822 121 893
453 739 150
654 470 263
852 47 244
726 161 661
193 30 797
686 370 130
408 430 873
614 516 156
355 377 243
827 198 364
719 651 103
869 304 573
131 155 619
375 880 780
35 72 809
832 758 178
961 165 608
834 779 124
989 134 500
232 960 698
596 679 348
698 547 651
270 678 805
889 52 685
668 87 756
476 918 513
653 879 678
261 712 456
384 701 589
883 933 549
581 528 227
928 226 774
579 496 451
384 384 502
68 51 589
824 526 506
337 179 384
14 440 96
470 823 797
59 706 729
607 287 257
833 214 483
606 793 978
56 176 361
558 244 412
146 68 938
652 404 116
36 417 556
131 887 378
927 945 84
656 551 370
912 384 584
394 989 376
372 45 552
733 603 796
144 748 863
82 400 266
198 435 683