825 354 49
395 648 417
171 878 526
206 990 254
961 557 239
523 716 516
504 194 771
529 738 52
59 914 797
445 139 144
436 963 497
485 357 144
902 528 22
427 733 12
680 693 568
918 216 284
433 719 478
204 248 215
255 306 128
52 750 266
195 186 229
692 670 586
836 571 113
857 997 846
868 677 539
436 594 754
720 26 473
197 230 720
412 484 26
539 536 776
805 731 961
34 422 631
619 257 202
731 114 198
577 982 874
115 417 468
869 137 494
341 333 723
61 744 207
86 283 742
861 88 472
822 121 893
453 739 150
654 470 263
852 47 244
726 161 661
193 30 797
686 370 130
408 430 873
614 516 156
355 377 243
827 198 364
719 651 103
869 304 573
131 155 619
375 880 780
35 72 809
832 758 178
961 165 608
834 779 124
989 134 500
232 960 698
596 679 348
698 547 651
270 678 805
889 52 685
668 87 756
476 918 513
653 879 678
261 712 456
384 701 589
883 933 549
581 528 227
928 226 774
579 496 451
384 384 502
68 51 589
824 526 506
337 179 384
14 440 96
470 823 797
59 706 729
607 287 257
833 214 483
606 793 978
56 176 361
558 244 412
146 68 938
652 404 116
36 417 556
131 887 378
927 945 84
656 551 370
912 384 584
394 989 376
372 45 552
733 603 796
144 748 863
82 400 266
198 435 683
753 566 570
130 492 514
214 148 64
584 59 447
167 453 436
543 824 480
95 556 83
891 700 831
753 781 230
19 978 664
702 730 229
271 860 721
784 74 868
848 657 927
295 824 380
730 366 203
210 461 759
292 351 459
123 103 240
352 122 217
16 823 947
245 94 807
966 878 881
834 725 537
760 20 360
139 749 726
342 959 186
100 251 536
559 373 639
798 725 761
15 740 584
962 985 677
768 950 554
648 783 279
185 543 298
545 681 46
270 22 5
456 122 256
992 681 628
631 478 353
391 493 92
974 454 77
650 222 26
204 870 809
482 54 351
779 599 32
825 868 54
830 324 176
85 315 856
713 945 334
65 336 826
157 309 280
233 959 501
259 163 370
68 644 424
418 423 22
450 248 890
503 77 213
679 161 527
534 873 472
868 937 807
693 94 116
972 326 75
473 585 237
842 652 880
265 70 303
286 519 550
175 22 626
388 700 787
915 233 659
386 101 596
193 793 689
309 765 15
383 237 599
619 79 251
499 343 320
802 629 839
351 804 860
976 192 559
762 106 792
421 491 892
17 684 685
705 992 450
720 375 687
319 994 765
569 493 108
888 294 737
726 644 540
586 620 732
144 381 837
936 802 328
827 818 11
512 523 3
961 242 377
648 561 371
412 129 863
519 17 156
256 743 799
796 328 419
527 472 800
363 407 601
690 234 418
700 746 941
703 706 183
80 353 743
450 765 872
312 284 888
468 539 631
267 334 959
685 860 430
484 223 836
85 912 70
503 612 815
443 315 521
625 394 874
368 843 638
239 155 922
127 623 461
758 889 794
716 574 654
145 57 876
981 141 788
50 643 400
865 86 714
385 711 107
259 78 950
897 317 105
818 443 727
278 200 615
72 916 188
726 60 245
602 40 386
389 90 29
789 955 114
502 340 824
608 598 901
558 495 217
662 313 660
388 590 860
2 662 775
190 387 835
435 989 875
820 378 965
848 166 919
961 667 258
785 275 856
685 832 350
902 493 662
562 880 252
422 882 914
197 71 301
31 505 289
906 325 666
870 172 832
788 133 498
46 917 772
902 602 603
252 503 95
914 65 975
166 487 856
79 683 927
379 714 432
668 619 756
334 488 927
165 276 60
662 322 976
434 223 577
36 475 80
131 388 145
106 553 631
961 632 313
887 11 27
319 678 645
74 11 133
1 175 408
60 837 729
36 270 952
613 306 426
693 437 814
837 542 366
467 503 998
780 390 8
806 708 685
451 781 696
583 782 870
990 842 707
719 877 976
670 489 282
96 181 718
909 18 260
275 485 763
272 264 152
279 70 859
964 520 640
659 102 422
529 92 263
235 810 139
211 480 628
493 575 809
210 484 826
470 758 310
232 29 574
384 308 644
242 271 163
882 930 265
303 458 357
566 693 167
704 904 647
332 396 222
140 606 705
966 76 462
276 307 491
850 690 799
493 932 70
656 814 999
921 117 457
277 682 150
444 386 54
90 718 449
311 858 55
16 823 130
478 99 437
969 948 127
767 440 59
836 96 872
835 16 989
292 293 671
441 737 57
494 826 774
943 137 631
998 153 454
128 630 552
564 598 499
691 365 939
749 201 34
621 35 50
609 327 343
280 768 79
336 262 905
109 204 42
739 202 194
193 329 824
744 893 421
243 583 786
181 331 986
215 952 21
265 561 347
607 840 114
685 175 375
590 284 579
631 23 780
824 215 109
648 958 1
68 200 583
854 381 914
839 595 865
860 860 425
206 466 264
320 151 439
695 740 722
274 371 744
54 195 959
162 842 916
162 910 116
745 763 496
658 601 91
522 461 950
947 666 416
210 986 567
649 680 307
370 953 677
114 7 871
73 168 713
988 330 622
104 74 384
600 731 985
690 253 445
640 199 111
56 409 96
622 57 776
928 427 729
605 541 735
475 613 903
188 601 232
809 704 305
193 304 35
178 994 287
622 633 486
733 689 894
829 310 950
604 238 377
333 842 917
68 317 530
970 504 130
201 313 834
505 505 137
540 682 130
827 304 763
312 36 452
205 865 761
155 468 999
531 801 841
448 868 157
977 837 661
107 38 973
940 543 478
77 82 159
207 909 463
969 220 499
420 425 363
181 580 831
180 111 631
20 558 499
177 535 336
838 641 373
810 581 916
288 657 998
447 863 906
909 832 126
407 252 550
770 433 129
600 613 240
231 632 797
730 809 331
65 646 972
438 456 552
353 744 208
350 190 71
256 98 903
381 505 154
930 274 587
59 874 199
298 105 831
95 834 640
426 898 286
397 336 742
948 689 485
156 39 674
227 294 772
129 674 276
283 604 550
869 663 424
67 961 528
898 55 361
537 481 259
822 878 595
563 826 283
47 981 322
721 208 615
492 336 289
768 618 893
317 486 555
741 553 515
268 450 570
629 987 51
888 809 928
483 371 753
766 418 734
87 139 941
702 630 276
990 397 893
883 714 379
437 454 932
952 722 381
522 351 368
572 239 176
499 721 547
251 486 965
984 572 103
925 274 733
200 264 129
93 146 843
471 582 297
402 534 18
783 55 369
151 627 607
327 125 327
873 376 813
838 360 385
940 284 658
673 484 921
801 576 66
644 47 648
940 449 182
958 232 236
326 382 862
932 708 987
259 581 363
71 418 722
455 358 6
113 30 489
33 831 65
98 474 111
746 414 560
927 371 791
163 697 173
25 629 880
11 887 461
373 958 878
95 413 236
100 525 266
588 557 96
652 655 570
763 401 984
322 327 354
113 489 51
285 513 679
165 524 566
625 896 523
503 990 936
738 90 461
3 677 17
99 329 672
669 92 72
652 414 399
6 526 888
56 810 400
734 974 924
299 598 819
822 100 809
758 838 898
218 841 575
235 939 904
906 607 996
978 259 409
377 264 934
264 320 744
664 53 717
587 352 315
406 174 415
214 931 253
112 148 93
687 383 31
591 288 638
586 266 896
994 643 160
928 906 479
671 569 532
388 155 884
703 560 58
118 774 988
370 886 136
462 573 518
493 163 806
130 749 72
26 742 714
186 670 620
665 341 188
197 728 343
80 431 903
137 548 677
125 917 562
261 379 135
778 871 297
584 1 45
655 27 787
369 213 457
988 877 797
176 73 524
518 153 954
421 289 502
97 414 418
659 674 796
793 451 667
89 35 667
134 690 694
921 58 906
377 45 782
173 220 855
697 738 7
651 158 296
152 255 709
569 913 382
365 705 833
31 794 867
698 928 556
391 849 613
296 225 658
78 398 878
932 95 616
939 745 774
234 897 28
942 465 940
323 830 645
155 861 439
22 559 367
577 949 215
190 245 440
848 323 837
726 254 932
341 193 676
114 426 572
141 367 37
81 690 867
726 845 728
165 866 286
531 443 235
745 633 479
184 480 801
21 205 55
953 546 247
628 660 673
200 800 40
237 881 730
104 607 574
831 771 440
116 301 882
350 45 515
829 229 994
630 250 199
684 202 745
931 830 404
604 30 204
643 266 84
372 369 690
946 200 460
385 315 761
267 665 805
781 493 34
775 122 284
974 806 485
718 737 314
121 341 343
325 984 609
408 356 978
98 301 177
558 686 492
318 953 156
123 734 649
157 508 770
440 482 576
924 199 313
238 320 653
581 644 636
190 52 991
167 150 292
343 708 977
835 25 930
990 148 663
638 304 171
408 743 652
984 667 851
296 905 171
949 485 815
585 674 867
575 841 16
867 184 723
843 18 748
773 7 896
435 645 199
606 53 942
258 36 609
109 332 513
279 281 998
94 865 672
960 440 512
976 306 695
698 149 712
446 921 719
341 356 363
540 962 416
481 219 452
90 327 783
602 606 64
600 699 928
271 659 368
782 634 673
476 332 822
188 777 742
906 118 98
269 657 59
685 138 278
136 227 604
919 829 210
982 428 909
910 699 567
277 480 200
950 956 531
771 144 307
513 50 424
611 318 81
669 3 218
947 138 444
551 56 273
760 38 701
668 948 399
234 225 879
433 174 835
964 945 978
270 457 27
694 67 345
774 736 347
991 682 484
435 232 540
708 992 578
408 659 525
806 893 749
684 326 923
518 289 867
496 559 324
522 252 391
866 26 127
213 17 808
697 452 40
236 159 32
814 566 691
338 372 584
87 56 909
9 574 197
875 69 756
198 591 8
588 457 33
715 669 50
522 365 501
562 601 659
594 414 225
284 752 596
867 838 651
776 847 224
973 721 293
728 919 883
735 507 339
768 221 7
817 743 372
317 305 973
976 898 386
200 182 138
795 49 976
446 824 822
669 796 542
962 523 461
844 258 967
182 25 188
189 841 930
560 158 234
532 133 132
918 332 313
56 127 361
31 572 185
852 240 980
394 201 503
854 45 760
820 227 785
7 415 626
937 975 783
171 507 916
302 425 247
615 480 373
976 510 944
160 362 184
140 755 385
642 608 430
402 428 656
187 435 70
812 372 45
595 542 551
510 844 976
756 458 455
129 434 965
73 594 326
257 733 81
642 375 689
71 777 116
726 963 551
796 774 922
840 368 464
391 877 307
366 633 765
821 762 198
786 834 791
111 91 523
192 732 898
880 803 674
995 528 637
546 324 410
468 164 778
931 554 655
238 920 288
2 740 49
199 526 883
990 636 974
513 827 705
410 707 508
84 702 35
720 247 359
130 715 522
907 645 75
562 882 995
849 883 735
898 82 260
781 71 896
754 583 723
459 993 429
966 76 130
1 795 376
359 925 90
880 831 735
955 393 617
950 242 500
684 139 581
943 920 652
839 673 235
561 132 227
989 97 303
118 98 98
494 456 22
584 336 852
318 291 245
935 240 486
434 924 625
15 866 545
667 704 217
901 265 349
128 253 446
430 371 543
527 864 999
548 447 335
400 765 625
644 700 865
130 133 788
755 148 654
299 814 358
516 714 622
864 841 875
309 271 245
852 798 108
851 345 555
185 745 320
810 389 19
675 519 152
463 273 299
116 571 112
474 86 826
96 950 667
970 259 937
214 110 734
322 960 79
877 145 823
197 955 212
216 629 730
367 91 2
665 207 572
777 680 658
602 775 607
268 745 865
205 959 975
938 281 935
17 157 79
840 354 33
51 569 662
780 936 752
781 601 958
353 377 638
11 979 412
617 247 157
482 451 115
456 389 395
391 405 552
470 244 905
502 294 474
163 74 410
915 855 10
872 208 387
510 218 365
921 835 611
78 316 61
192 772 450
587 162 854
138 631 98
43 133 391
517 296 465
926 211 319
936 83 526
322 592 743
686 512 577
297 590 893
358 781 665
807 367 826
660 505 457
757 548 590
148 64 886
612 990 96
931 925 178
456 246 769
199 932 281
776 228 870
668 585 651
332 391 18
158 51 522
615 808 70
205 955 133
90 567 122
186 497 46
364 953 292
132 152 223
413 927 450
283 595 35
933 927 426
950 85 476
472 699 284
542 904 239
674 994 805
796 179 302
842 542 255
133 674 406
355 86 333
805 368 927
839 301 853
264 251 937
740 723 636
23 264 540
261 937 533
66 733 711
368 574 253
622 706 927
27 60 12
359 864 380
286 703 680
139 967 930
75 706 653
711 729 916
250 990 853
783 56 585
494 423 158
746 44 863
672 71 923
684 430 787
63 716 490
743 854 456
673 929 162
325 639 890
241 889 880
93 671 935
677 164 357
835 910 401
697 582 472
620 265 902
407 328 617
896 71 470
351 743 399
512 68 37
402 308 926
281 401 597
216 77 761
573 911 670
973 608 251
445 227 516
347 634 844
963 529 914
433 879 657
831 390 724
868 792 32
794 72 432
390 287 509
150 860 419
820 833 27
70 277 254
586 623 887
429 586 415
342 19 293
999 850 683
722 717 475
754 510 546
185 900 833
693 49 692
112 868 524
138 938 801
392 524 424
278 953 10
692 294 28
985 292 877
668 14 594
142 767 103
688 952 3
521 645 51
213 757 919
737 895 857
537 286 381
961 564 333
970 256 627
997 240 919
873 908 932
466 50 699
569 737 651
571 258 295
622 470 52
541 206 946
398 742 231
778 702 795
110 671 50
736 668 290
654 541 197
586 7 247
285 576 983
935 146 241
230 768 710
281 308 915
227 705 657
458 483 359
252 592 30