825 354 49
395 648 417
171 878 526
206 990 254
961 557 239
523 716 516
504 194 771
529 738 52
59 914 797
445 139 144
436 963 497
485 357 144
902 528 22
427 733 12
680 693 568
918 216 284
433 719 478
204 248 215
255 306 128
52 750 266
195 186 229
692 670 586
836 571 113
857 997 846
868 677 539
436 594 754
720 26 473
197 230 720
412 484 26
539 536 776
805 731 961
34 422 631
619 257 202
731 114 198
577 982 874
115 417 468
869 137 494
341 333 723
61 744 207
86 283 742
861 88 472
822 121 893
453 739 150
654 470 263
852 47 244
726 161 661
193 30 797
686 370 130
408 430 873
614 516 156
355 377 243
827 198 364
719 651 103
869 304 573
131 155 619
375 880 780
35 72 809
832 758 178
961 165 608
834 779 124
989 134 500
232 960 698
596 679 348
698 547 651
270 678 805
889 52 685
668 87 756
476 918 513
653 879 678
261 712 456
384 701 589
883 933 549
581 528 227
928 226 774
579 496 451
384 384 502
68 51 589
824 526 506
337 179 384
14 440 96
470 823 797
59 706 729
607 287 257
833 214 483
606 793 978
56 176 361
558 244 412
146 68 938
652 404 116
36 417 556
131 887 378
927 945 84
656 551 370
912 384 584
394 989 376
372 45 552
733 603 796
144 748 863
82 400 266
198 435 683
753 566 570
130 492 514
214 148 64
584 59 447
167 453 436
543 824 480
95 556 83
891 700 831
753 781 230
19 978 664
702 730 229
271 860 721
784 74 868
848 657 927
295 824 380
730 366 203
210 461 759
292 351 459
123 103 240
352 122 217
16 823 947
245 94 807
966 878 881
834 725 537
760 20 360
139 749 726
342 959 186
100 251 536
559 373 639
798 725 761
15 740 584
962 985 677
768 950 554
648 783 279
185 543 298
545 681 46
270 22 5
456 122 256
992 681 628
631 478 353
391 493 92
974 454 77
650 222 26
204 870 809
482 54 351
779 599 32
825 868 54
830 324 176
85 315 856
713 945 334
65 336 826
157 309 280
233 959 501
259 163 370
68 644 424
418 423 22
450 248 890
503 77 213
679 161 527
534 873 472
868 937 807
693 94 116
972 326 75
473 585 237
842 652 880
265 70 303
286 519 550
175 22 626
388 700 787
915 233 659
386 101 596
193 793 689
309 765 15
383 237 599
619 79 251
499 343 320
802 629 839
351 804 860
976 192 559
762 106 792
421 491 892
17 684 685
705 992 450
720 375 687
319 994 765
569 493 108
888 294 737
726 644 540
586 620 732
144 381 837
936 802 328
827 818 11
512 523 3
961 242 377
648 561 371
412 129 863
519 17 156
256 743 799
796 328 419
527 472 800
363 407 601
690 234 418
700 746 941
703 706 183
80 353 743
450 765 872
312 284 888
468 539 631
267 334 959
685 860 430
484 223 836
85 912 70
503 612 815
443 315 521
625 394 874
368 843 638
239 155 922
127 623 461
758 889 794
716 574 654
145 57 876
981 141 788
50 643 400
865 86 714
385 711 107
259 78 950
897 317 105
818 443 727
278 200 615
72 916 188
726 60 245
602 40 386
389 90 29
789 955 114
502 340 824
608 598 901
558 495 217
662 313 660
388 590 860
2 662 775
190 387 835
435 989 875
820 378 965
848 166 919
961 667 258
785 275 856
685 832 350
902 493 662
562 880 252
422 882 914
197 71 301
31 505 289
906 325 666
870 172 832
788 133 498
46 917 772
902 602 603
252 503 95
914 65 975
166 487 856
79 683 927
379 714 432
668 619 756
334 488 927
165 276 60
662 322 976
434 223 577
36 475 80
131 388 145
106 553 631
961 632 313
887 11 27
319 678 645
74 11 133
1 175 408
60 837 729
36 270 952
613 306 426
693 437 814
837 542 366
467 503 998
780 390 8
806 708 685
451 781 696
583 782 870
990 842 707
719 877 976
670 489 282
96 181 718
909 18 260
275 485 763
272 264 152
279 70 859
964 520 640
659 102 422
529 92 263
235 810 139
211 480 628
493 575 809
210 484 826
470 758 310
232 29 574
384 308 644
242 271 163
882 930 265
303 458 357
566 693 167
704 904 647
332 396 222
140 606 705
966 76 462
276 307 491
850 690 799
493 932 70
656 814 999
921 117 457
277 682 150
444 386 54
90 718 449
311 858 55
16 823 130
478 99 437
969 948 127
767 440 59
836 96 872
835 16 989
292 293 671
441 737 57
494 826 774
943 137 631
998 153 454
128 630 552
564 598 499
691 365 939
749 201 34
621 35 50
609 327 343
280 768 79
336 262 905
109 204 42
739 202 194
193 329 824
744 893 421
243 583 786
181 331 986
215 952 21
265 561 347
607 840 114
685 175 375
590 284 579
631 23 780
824 215 109
648 958 1
68 200 583
854 381 914
839 595 865
860 860 425
206 466 264
320 151 439
695 740 722
274 371 744
54 195 959
162 842 916
162 910 116
745 763 496
658 601 91
522 461 950
947 666 416
210 986 567
649 680 307
370 953 677
114 7 871
73 168 713
988 330 622
104 74 384
600 731 985
690 253 445
640 199 111
56 409 96
622 57 776
928 427 729
605 541 735
475 613 903
188 601 232
809 704 305
193 304 35
178 994 287
622 633 486
733 689 894
829 310 950
604 238 377
333 842 917
68 317 530
970 504 130
201 313 834
505 505 137
540 682 130
827 304 763
312 36 452
205 865 761
155 468 999
531 801 841
448 868 157
977 837 661
107 38 973
940 543 478
77 82 159
207 909 463
969 220 499
420 425 363
181 580 831
180 111 631
20 558 499
177 535 336
838 641 373
810 581 916
288 657 998
447 863 906
909 832 126
407 252 550
770 433 129
600 613 240
231 632 797
730 809 331
65 646 972
438 456 552
353 744 208
350 190 71
256 98 903
381 505 154
930 274 587
59 874 199
298 105 831
95 834 640
426 898 286
397 336 742
948 689 485
156 39 674
227 294 772
129 674 276
283 604 550
869 663 424
67 961 528
898 55 361
537 481 259
822 878 595
563 826 283
47 981 322
721 208 615
492 336 289
768 618 893
317 486 555
741 553 515
268 450 570
629 987 51
888 809 928
483 371 753
766 418 734
87 139 941
702 630 276
990 397 893
883 714 379
437 454 932
952 722 381
522 351 368
572 239 176
499 721 547
251 486 965
984 572 103
925 274 733
200 264 129
93 146 843
471 582 297
402 534 18
783 55 369
151 627 607
327 125 327
873 376 813
838 360 385
940 284 658
673 484 921
801 576 66
644 47 648
940 449 182
958 232 236
326 382 862
932 708 987
259 581 363
71 418 722
455 358 6
113 30 489
33 831 65
98 474 111
746 414 560
927 371 791
163 697 173
25 629 880
11 887 461
373 958 878
95 413 236
100 525 266
588 557 96
652 655 570
763 401 984
322 327 354
113 489 51
285 513 679
165 524 566
625 896 523
503 990 936
738 90 461
3 677 17
99 329 672
669 92 72
652 414 399
6 526 888
56 810 400
734 974 924
299 598 819
822 100 809
758 838 898
218 841 575
235 939 904
906 607 996
978 259 409
377 264 934
264 320 744
664 53 717
587 352 315
406 174 415
214 931 253
112 148 93
687 383 31
591 288 638
586 266 896
994 643 160
928 906 479
671 569 532
388 155 884
703 560 58
118 774 988
370 886 136
462 573 518
493 163 806
130 749 72
26 742 714
186 670 620
665 341 188
197 728 343
80 431 903
137 548 677
125 917 562
261 379 135
778 871 297
584 1 45
655 27 787
369 213 457
988 877 797
176 73 524
518 153 954
421 289 502
97 414 418
659 674 796
793 451 667
89 35 667
134 690 694
921 58 906
377 45 782
173 220 855
697 738 7
651 158 296
152 255 709
569 913 382
365 705 833
31 794 867
698 928 556
391 849 613
296 225 658
78 398 878
932 95 616
939 745 774
234 897 28
942 465 940
323 830 645
155 861 439
22 559 367
577 949 215
190 245 440
848 323 837
726 254 932
341 193 676
114 426 572
141 367 37
81 690 867
726 845 728
165 866 286
531 443 235
745 633 479
184 480 801
21 205 55
953 546 247
628 660 673
200 800 40
237 881 730
104 607 574
831 771 440
116 301 882
350 45 515
829 229 994
630 250 199
684 202 745
931 830 404
604 30 204
643 266 84
372 369 690
946 200 460
385 315 761
267 665 805
781 493 34
775 122 284
974 806 485
718 737 314
121 341 343
325 984 609
408 356 978
98 301 177
558 686 492
318 953 156
123 734 649
157 508 770
440 482 576
924 199 313
238 320 653
581 644 636
190 52 991
167 150 292
343 708 977
835 25 930
990 148 663
638 304 171
408 743 652
984 667 851
296 905 171
949 485 815
585 674 867
575 841 16
867 184 723
843 18 748
773 7 896
435 645 199
606 53 942
258 36 609
109 332 513
279 281 998
94 865 672
960 440 512
976 306 695
698 149 712
446 921 719
341 356 363
540 962 416
481 219 452
90 327 783
602 606 64
600 699 928
271 659 368
782 634 673
476 332 822
188 777 742
906 118 98
269 657 59
685 138 278
136 227 604
919 829 210
982 428 909
910 699 567
277 480 200
950 956 531
771 144 307
513 50 424
611 318 81
669 3 218
947 138 444
551 56 273
760 38 701
668 948 399
234 225 879
433 174 835
964 945 978
270 457 27
694 67 345
774 736 347
991 682 484
435 232 540
708 992 578
408 659 525
806 893 749
684 326 923
518 289 867
496 559 324
522 252 391
866 26 127
213 17 808
697 452 40
236 159 32
814 566 691
338 372 584
87 56 909
9 574 197
875 69 756
198 591 8
588 457 33
715 669 50
522 365 501
562 601 659
594 414 225
284 752 596
867 838 651
776 847 224
973 721 293
728 919 883
735 507 339
768 221 7
817 743 372
317 305 973
976 898 386
200 182 138
795 49 976
446 824 822
669 796 542
962 523 461
844 258 967
182 25 188
189 841 930
560 158 234
532 133 132
918 332 313
56 127 361
31 572 185
852 240 980
394 201 503
854 45 760
820 227 785
7 415 626
937 975 783
171 507 916
302 425 247
615 480 373
976 510 944
160 362 184
140 755 385
642 608 430
402 428 656
187 435 70
812 372 45
595 542 551
510 844 976
756 458 455
129 434 965
73 594 326
257 733 81
642 375 689
71 777 116
726 963 551
796 774 922
840 368 464
391 877 307
366 633 765
821 762 198
786 834 791
111 91 523
192 732 898
880 803 674
995 528 637
546 324 410
468 164 778
931 554 655
238 920 288
2 740 49
199 526 883
990 636 974
513 827 705
410 707 508
84 702 35
720 247 359
130 715 522
907 645 75
562 882 995
849 883 735
898 82 260
781 71 896
754 583 723
459 993 429
966 76 130
1 795 376
359 925 90
880 831 735
955 393 617
950 242 500
684 139 581
943 920 652
839 673 235
561 132 227
989 97 303
118 98 98
494 456 22
584 336 852
318 291 245
935 240 486
434 924 625
15 866 545
667 704 217
901 265 349
128 253 446
430 371 543
527 864 999
548 447 335
400 765 625
644 700 865
130 133 788
755 148 654
299 814 358
516 714 622
864 841 875
309 271 245
852 798 108
851 345 555
185 745 320
810 389 19
675 519 152
463 273 299
116 571 112
474 86 826
96 950 667
970 259 937
214 110 734
322 960 79
877 145 823
197 955 212
216 629 730
367 91 2
665 207 572
777 680 658
602 775 607
268 745 865
205 959 975
938 281 935
17 157 79
840 354 33
51 569 662
780 936 752
781 601 958
353 377 638
11 979 412
617 247 157
482 451 115
456 389 395
391 405 552
470 244 905
502 294 474
163 74 410
915 855 10
872 208 387
510 218 365
921 835 611
78 316 61
192 772 450
587 162 854
138 631 98
43 133 391
517 296 465
926 211 319
936 83 526
322 592 743
686 512 577
297 590 893
358 781 665
807 367 826
660 505 457
757 548 590
148 64 886
612 990 96
931 925 178
456 246 769
199 932 281
776 228 870
668 585 651
332 391 18
158 51 522
615 808 70
205 955 133
90 567 122
186 497 46
364 953 292
132 152 223
413 927 450
283 595 35
933 927 426
950 85 476
472 699 284
542 904 239
674 994 805
796 179 302
842 542 255
133 674 406
355 86 333
805 368 927
839 301 853
264 251 937
740 723 636
23 264 540
261 937 533
66 733 711
368 574 253
622 706 927
27 60 12
359 864 380
286 703 680
139 967 930
75 706 653
711 729 916
250 990 853
783 56 585
494 423 158
746 44 863
672 71 923
684 430 787
63 716 490
743 854 456
673 929 162
325 639 890
241 889 880
93 671 935
677 164 357
835 910 401
697 582 472
620 265 902
407 328 617
896 71 470
351 743 399
512 68 37
402 308 926
281 401 597
216 77 761
573 911 670
973 608 251
445 227 516
347 634 844
963 529 914
433 879 657
831 390 724
868 792 32
794 72 432
390 287 509
150 860 419
820 833 27
70 277 254
586 623 887
429 586 415
342 19 293
999 850 683
722 717 475
754 510 546
185 900 833
693 49 692
112 868 524
138 938 801
392 524 424
278 953 10
692 294 28
985 292 877
668 14 594
142 767 103
688 952 3
521 645 51
213 757 919
737 895 857
537 286 381
961 564 333
970 256 627
997 240 919
873 908 932
466 50 699
569 737 651
571 258 295
622 470 52
541 206 946
398 742 231
778 702 795
110 671 50
736 668 290
654 541 197
586 7 247
285 576 983
935 146 241
230 768 710
281 308 915
227 705 657
458 483 359
252 592 30
301 328 697
590 982 237
787 567 244
33 852 819
16 786 965
256 16 732
965 297 40
880 523 745
536 980 227
894 231 819
923 531 147
620 121 128
856 907 695
100 939 546
918 955 332
882 210 347
614 174 643
654 54 166
398 589 145
625 482 376
443 405 907
590 24 27
717 880 934
412 979 873
958 897 827
289 779 36
636 392 210
279 46 263
444 443 852
589 67 334
964 510 738
870 99 762
897 816 641
830 228 620
702 185 516
529 473 295
564 109 687
774 388 732
37 831 174
889 420 241
222 383 751
959 253 850
720 149 666
361 979 893
981 680 77
496 208 550
791 772 659
477 546 46
208 583 877
382 471 296
623 692 679
373 651 932
222 371 80
888 732 59
780 712 739
857 208 947
406 998 718
64 474 264
110 682 846
986 63 317
281 685 9
960 58 659
891 280 30
971 167 761
29 946 472
767 803 679
713 208 676
431 272 150
694 381 831
540 366 894
857 647 578
865 606 636
523 496 915
552 466 81
313 495 27
784 261 829
463 974 37
139 404 308
288 98 689
119 638 55
12 494 701
590 358 307
225 881 802
140 433 268
220 745 762
246 528 23
75 990 997
111 129 400
419 416 498
107 535 136
161 547 629
862 136 987
168 361 867
970 500 299
238 720 43
1000 966 571
23 40 561
19 150 689
419 568 105
917 675 639
52 836 185
681 698 321
667 866 682
534 836 182
832 73 901
875 73 866
446 95 906
6 114 56
695 533 623
799 449 298
438 500 134
623 180 831
943 847 696
625 380 531
806 212 604
707 86 677
572 531 772
477 537 886
533 231 418
156 30 866
453 468 366
586 90 546
417 33 392
113 657 771
644 463 982
248 169 68
924 740 599
695 217 135
580 749 366
998 904 396
863 357 863
228 943 952
774 359 985
165 472 641
936 115 103
918 362 271
985 285 11
583 980 228
718 560 977
84 557 881
479 420 238
342 648 180
294 421 539
278 586 10
918 521 124
21 438 486
292 422 771
303 5 750
531 723 310
507 807 866
388 286 286
625 627 933
805 920 354
343 197 939
353 115 459
477 135 896
962 427 318
732 729 323
482 259 46
791 766 852
657 153 137
942 778 764
875 582 683
228 925 880
166 277 994
624 754 129
520 715 555
838 446 284
160 928 543
206 718 308
57 375 461
194 316 238
957 191 820
639 418 744
518 584 21
512 208 774
640 727 489
195 565 934
478 725 862
20 930 579
328 987 954
789 180 269
26 137 460
846 776 878
590 294 461
610 805 668
384 445 395
872 639 959
806 117 684
667 136 613
246 464 600
199 252 779
468 278 915
927 123 691
804 712 984
265 322 788
932 705 232
327 576 870
286 381 986
969 47 122
582 292 586
181 491 837
960 958 115
875 884 237
565 688 949
548 952 270
336 883 974
567 210 549
437 495 930
423 464 977
545 45 269
130 226 759
967 185 716
81 59 600
318 623 287
266 171 238
535 506 121
509 72 330
58 509 825
987 931 288
963 476 333
232 605 558
990 571 742
705 652 800
304 969 423
591 234 593
828 769 98
949 277 170
278 334 678
103 321 609
390 284 84
723 515 688
280 504 259
22 209 911
822 513 879
244 103 113
837 931 881
934 879 157
103 157 491
781 259 811
389 649 94
472 371 608
160 651 111
418 672 319
328 493 831
207 737 934
319 573 864
199 506 742
356 609 898
846 389 156
656 777 805
749 248 175
357 407 826
467 825 497
786 153 990
617 359 726
551 678 298
414 876 803
155 231 412
53 77 800
209 732 577
13 481 825
188 837 232
13 304 56
510 90 209
499 707 567
224 257 244
521 670 120
324 825 351
736 878 427
535 86 158
111 98 639
936 286 476
167 298 779
223 807 869
431 306 575
998 529 831
242 50 501
361 374 326
712 109 203
138 644 288
296 755 386
934 690 671
410 856 969
188 78 776
56 509 81
631 506 609
462 747 659
962 108 32
287 819 141
489 957 784
777 252 538
162 186 227
833 595 83
801 783 161
576 838 669
656 469 174
265 930 921
924 891 29
956 178 848
96 667 804
879 443 55
416 605 240
643 437 835
725 237 617
885 813 455
554 469 923
727 734 852
648 658 743
677 613 921
524 708 587
327 587 29
382 3 634
621 645 70
455 370 307
72 255 120
526 808 588
448 535 322
300 183 979
43 859 591
963 382 299
549 709 885
578 90 888
211 711 533
280 166 902
587 237 156
706 762 964
293 209 498
615 509 680
593 551 538
184 513 920
482 62 628
367 639 718
254 850 428
786 130 593
688 716 829
844 421 590
807 714 799
304 329 307
984 921 858
522 104 370
442 586 432
70 952 70
787 206 919
214 991 49
807 678 764
636 522 185
225 328 899
24 632 227
331 615 148
188 136 251
558 577 837
989 646 788
59 433 994
978 647 984
26 453 662
790 88 183
974 313 511
873 337 142
99 667 756
247 855 892
498 413 469
334 402 114
122 460 547
115 438 193
99 463 645
761 253 732
944 227 45
454 99 381
595 198 47
351 444 902
242 942 314
710 275 715
824 397 175
370 511 612
562 610 75
206 370 328
938 314 554
983 767 653
363 362 850
410 712 294
311 954 235
625 663 510
340 487 906
515 856 417
127 418 26
201 624 396
528 562 709
82 544 476
734 906 837
583 315 548
877 626 502
112 251 164
621 591 651
527 105 506
943 232 923
968 433 547
364 961 108
72 42 651
547 775 556
383 358 871
931 235 497
432 346 748
596 967 338
246 493 443
752 435 674
675 403 106
221 766 67
328 838 108
979 385 883
534 767 240
405 698 475
902 130 820
649 726 786
987 972 279
429 724 713
103 398 116
209 619 882
275 947 719
383 925 103
265 459 870
504 864 568
979 765 698
798 413 423
584 400 395
862 829 118
575 931 515
691 140 134
572 415 80
291 797 5
393 61 463
263 565 326
831 543 90
528 341 503
951 924 903
345 786 731
462 361 662
977 51 801
110 623 216
190 913 12
194 306 72
657 569 637
982 399 179
72 926 519
575 876 443
478 220 229
208 682 589
869 658 640
670 768 262
885 958 175
897 151 481
969 808 49
605 790 447
783 861 372
302 436 248
745 913 467
973 121 148
562 990 806
201 660 574
463 544 531
638 441 682
118 409 489
166 13 278
612 796 139
984 98 574
231 842 487
698 815 607
846 377 597
651 578 256
224 40 800
755 677 240
436 794 648
925 959 660
202 571 456
340 554 553
914 785 395
401 482 210
8 327 586
604 977 163
859 201 202
658 955 879
897 391 673
545 315 632
204 517 202
660 857 756
212 770 540
606 171 21
816 178 347
401 782 324
563 640 525
765 297 480
644 194 871
316 738 185
947 942 702
149 601 558
905 813 328
444 419 498
465 234 676
812 634 457
136 196 96
660 961 393
140 604 587
10 920 324
195 866 266
896 15 866
453 919 678
780 363 97
277 828 330
953 639 963
409 775 159
504 434 119
897 574 723
483 583 642
807 778 508
73 673 522
938 126 441
616 905 804
712 182 631
41 134 270
4 542 44
162 46 478
281 943 51
3 426 634
644 232 412
152 304 84
674 242 209
114 858 114
918 570 295
548 611 429
817 614 971
861 776 17
338 56 959
389 59 384
23 703 616
434 854 920
517 527 161
726 641 19
839 558 588
134 106 198
563 923 812
533 783 588
550 121 643
508 509 702
892 531 404
507 964 258
426 481 785
587 207 426
605 46 983
193 180 89
391 742 11
202 275 794
789 824 914
432 331 423
134 223 954
538 729 917
795 155 398
580 741 604
5 345 649
987 537 828
76 927 570
86 129 844
879 918 667
793 350 998
215 483 220
168 20 949
85 815 103
483 394 843
87 398 188
735 385 725
563 460 652
133 546 780
976 425 698
643 217 47
641 432 529
861 599 548
810 684 363
912 166 756
755 252 154
942 987 538
666 550 998
318 683 543
97 658 967
794 301 184
840 942 615
369 803 214
917 612 898
279 523 64
35 277 315
188 219 302
726 885 852
723 202 534
266 299 192
232 92 493
416 932 435
30 301 237
244 217 849
141 496 372
204 530 648
519 717 867
821 443 751
672 165 953
206 431 251
398 662 343
890 78 274
325 107 575
562 350 791
410 490 286
781 693 816
429 212 532
295 32 974
46 703 139
998 909 569
248 306 231
590 196 308
864 520 415
438 81 765
229 491 255
515 271 947
330 699 159
861 994 190
835 39 893
974 37 801
543 284 106
774 874 302
81 738 822
496 176 902
260 404 393
514 919 663
461 248 362
619 109 355
808 944 393
701 917 429
501 460 713
607 233 587
908 314 324
729 809 500
631 69 904
23 583 822
686 43 69
47 662 177
401 470 120
794 170 37
223 671 496
936 277 729
522 185 42
846 914 851
346 544 919
249 567 502
70 253 545
139 299 206
316 700 676
435 493 846
472 716 516
968 652 792
696 174 977
737 20 890
588 365 434
507 614 1
8 683 253
552 822 551
758 137 251
433 572 744
278 43 459
794 11 110
586 706 284
562 443 303
451 30 667
885 536 280
885 544 963
138 95 785
689 852 921
939 284 492
682 562 535
141 355 545
250 940 251
534 502 693
836 953 723
502 837 259
782 722 802
744 859 897
528 547 748
449 486 32
941 167 594
475 307 949
20 557 889
271 90 390
963 925 342
686 427 179
945 208 901
746 952 760
643 480 306
390 929 792
422 869 958
15 344 264
963 364 821
851 634 910
241 597 835
583 282 261
761 227 469
662 972 421
421 615 900
727 4 829
518 425 697
475 440 40
739 402 404
559 253 37
469 493 633
304 75 915
565 836 141
33 497 113
453 917 727
353 643 731
181 160 155
878 635 594
918 374 996
321 933 248
357 401 741
990 705 816
904 269 651
44 302 148
157 754 64
883 107 707
613 288 867
768 165 502
362 83 875
358 403 807
606 759 208
346 748 912
161 652 180
812 696 481
959 852 235
23 735 342
730 348 630
597 115 794
98 477 876
972 834 279
778 439 37
986 785 785
897 946 437
77 757 132
558 716 984
793 739 718
135 469 65
764 65 180
557 162 656
433 134 489
711 912 928
748 897 712
533 794 657
970 870 414
101 428 130
84 220 869
802 354 337
866 117 402
45 674 563
700 107 697
189 818 608
116 565 504
828 98 297
484 67 167
898 168 594
27 252 814
895 53 167
232 918 284
633 963 957
196 663 63
892 851 881
499 967 445
3 794 543
300 277 610
467 174 777
60 201 28
873 96 81
40 327 998
323 960 961
280 155 623
343 46 473
223 545 439
668 548 232
211 848 509
820 314 683
597 374 884
625 246 979
705 286 306
703 608 265
663 888 419
285 230 465
757 453 10
196 120 558
428 330 405
937 149 718
620 746 91
503 370 337
482 74 622
787 776 230
52 438 117
471 722 347
935 479 799
945 674 918
502 102 247
906 38 396
624 657 141
714 160 511
51 641 584
672 427 359
902 478 797
18 949 518
364 883 997
162 827 670
80 329 772
327 234 809
722 857 466
863 571 625
373 621 265
957 293 692
316 194 170
112 212 118
630 575 1
626 737 828
296 816 156
67 142 390
876 864 246
341 727 817
966 100 438
231 56 731
922 371 925
92 483 136
209 112 711
210 738 448
37 33 263
192 100 405
582 975 269
827 316 995
644 281 95
82 511 150
812 433 521
736 524 3
871 733 115
582 942 852
29 978 885
292 170 984
697 751 959
965 578 274
960 222 555
54 303 66
203 114 499
724 850 23
727 721 755
842 302 697
693 331 674
578 622 844
562 318 595
520 283 173
794 242 394
349 295 697
414 498 811
913 221 660
935 948 380
689 789 681
385 482 11
59 59 633
903 620 951
498 140 233
670 933 475
64 281 769
761 695 267
571 607 487
230 541 435
609 230 223
289 615 704
300 674 763
933 577 383
883 74 522
116 744 454
590 808 734
359 568 429
625 138 35
112 367 576
546 975 806
768 264 421
472 564 94
235 496 671
617 379 745
138 495 488
591 84 295
325 442 863
753 66 1000
788 177 367
363 723 341
169 491 605
589 963 169
683 197 665
353 813 44
97 950 538
585 541 621
880 866 63
742 618 129
742 405 306
108 768 28
449 936 519
54 525 481
222 207 677
886 560 490
929 657 440
466 241 981
87 121 846
150 863 464
279 604 869
584 711 636
612 160 572
130 213 96
611 434 303
288 320 863
777 248 519
217 714 760
197 801 880
42 950 743
506 228 346
374 812 57
9 424 216
581 554 428
677 164 862
979 451 181
841 228 428
360 444 142
119 641 942
999 683 891
741 188 119
87 561 931
143 569 354
359 149 907
786 826 70
647 804 521
827 645 749
255 4 192
396 123 832
337 122 514
228 863 701
347 949 262
277 92 830
631 450 979
537 236 804
607 882 608
128 709 252
876 963 256
67 359 378
899 696 500
413 923 362
114 270 311
375 546 402
205 176 852
184 713 87
987 319 968
595 447 677
847 322 640
102 389 998
480 288 693
979 700 616
340 814 885
650 189 431
52 393 606
903 577 319
989 564 637
957 158 84
633 4 405
273 105 793
271 584 80
964 563 780
579 902 594
464 552 782
894 604 175
500 506 751
818 495 314
455 451 472
538 84 475
943 356 580
735 626 164
815 589 726
595 168 628
188 632 180
970 525 783
145 25 289
895 843 783
209 298 234
681 836 318
155 778 674
735 513 299
898 328 888
624 922 56
251 110 687
430 79 212
213 224 236
501 118 79
284 327 376
517 7 211
834 162 989
507 897 501
806 795 828
694 418 750
749 669 859