825 354 49
395 648 417
171 878 526
206 990 254
961 557 239
523 716 516
504 194 771
529 738 52
59 914 797
445 139 144
436 963 497
485 357 144
902 528 22
427 733 12
680 693 568
918 216 284
433 719 478
204 248 215
255 306 128
52 750 266
195 186 229
692 670 586
836 571 113
857 997 846
868 677 539
436 594 754
720 26 473
197 230 720
412 484 26
539 536 776
805 731 961
34 422 631
619 257 202
731 114 198
577 982 874
115 417 468
869 137 494
341 333 723
61 744 207
86 283 742
861 88 472
822 121 893
453 739 150
654 470 263
852 47 244
726 161 661
193 30 797
686 370 130
408 430 873
614 516 156
355 377 243
827 198 364
719 651 103
869 304 573
131 155 619
375 880 780
35 72 809
832 758 178
961 165 608
834 779 124
989 134 500
232 960 698
596 679 348
698 547 651
270 678 805
889 52 685
668 87 756
476 918 513
653 879 678
261 712 456
384 701 589
883 933 549
581 528 227
928 226 774
579 496 451
384 384 502
68 51 589
824 526 506
337 179 384
14 440 96
470 823 797
59 706 729
607 287 257
833 214 483
606 793 978
56 176 361
558 244 412
146 68 938
652 404 116
36 417 556
131 887 378
927 945 84
656 551 370
912 384 584
394 989 376
372 45 552
733 603 796
144 748 863
82 400 266
198 435 683
753 566 570
130 492 514
214 148 64
584 59 447
167 453 436
543 824 480
95 556 83
891 700 831
753 781 230
19 978 664
702 730 229
271 860 721
784 74 868
848 657 927
295 824 380
730 366 203
210 461 759
292 351 459
123 103 240
352 122 217
16 823 947
245 94 807
966 878 881
834 725 537
760 20 360
139 749 726
342 959 186
100 251 536
559 373 639
798 725 761
15 740 584
962 985 677
768 950 554
648 783 279
185 543 298
545 681 46
270 22 5
456 122 256
992 681 628
631 478 353
391 493 92
974 454 77
650 222 26
204 870 809
482 54 351
779 599 32
825 868 54
830 324 176
85 315 856
713 945 334
65 336 826
157 309 280
233 959 501
259 163 370
68 644 424
418 423 22
450 248 890
503 77 213
679 161 527
534 873 472
868 937 807
693 94 116
972 326 75
473 585 237
842 652 880
265 70 303
286 519 550
175 22 626
388 700 787
915 233 659
386 101 596
193 793 689
309 765 15
383 237 599
619 79 251
499 343 320
802 629 839
351 804 860
976 192 559
762 106 792
421 491 892
17 684 685
705 992 450
720 375 687
319 994 765
569 493 108
888 294 737
726 644 540
586 620 732
144 381 837
936 802 328
827 818 11
512 523 3
961 242 377
648 561 371
412 129 863
519 17 156
256 743 799
796 328 419
527 472 800