825 354 49
395 648 417
171 878 526
206 990 254
961 557 239
523 716 516
504 194 771
529 738 52
59 914 797
445 139 144
436 963 497
485 357 144
902 528 22
427 733 12
680 693 568
918 216 284
433 719 478
204 248 215
255 306 128
52 750 266
195 186 229
692 670 586
836 571 113
857 997 846
868 677 539
436 594 754
720 26 473
197 230 720
412 484 26
539 536 776
805 731 961
34 422 631
619 257 202
731 114 198
577 982 874
115 417 468
869 137 494
341 333 723
61 744 207
86 283 742
861 88 472
822 121 893
453 739 150
654 470 263
852 47 244
726 161 661
193 30 797
686 370 130
408 430 873
614 516 156